3974.8169333333335	2936.7357666666667	2331.382	541.5134333333334	329.8884333333333	211.8119	1769.7892666666667	627.9812000000001	598.6215666666667	510.7126333333334	87.4796	1032.8326	327.267	706.1455	257.10406666666665	17.0	142.20000000000002
3978.7669	2935.7975	2322.4688333333334	528.6479666666668	317.14433333333335	211.6780666666667	1778.7494666666669	633.9617	604.1561333333334	515.9919333333333	87.6769	1037.8030666666666	328.13823333333335	710.2395	258.73213333333337	14.666666666666666	146.26666666666668
3995.558466666667	2946.2751000000003	2315.8228	521.6057	309.30063333333334	212.46713333333332	1781.5825333333335	647.6481	617.4213666666667	527.5453333333334	89.3587	1044.1794333333335	330.9513333333333	713.7916333333333	257.9700666666667	13.666666666666666	147.7
4051.2870000000003	2990.542766666667	2352.6008333333334	528.6238333333334	312.5233	216.23943333333332	1811.3293333333334	655.8109333333333	625.1839333333334	532.6769666666668	92.22250000000001	1055.5689666666667	333.6295333333333	722.4882666666666	265.01916666666665	16.0	150.53333333333333
4115.320033333333	3039.5994333333333	2376.425033333333	529.564	311.93513333333334	217.7395333333333	1835.273766666667	678.3221666666667	646.698	549.9023000000001	96.65016666666666	1070.4872333333333	337.92900000000003	733.1073333333334	266.77636666666666	16.333333333333332	152.06666666666666
4150.464366666667	3064.9151333333334	2382.999933333333	521.4013	303.32830000000007	218.09766666666667	1852.4855	694.6448666666666	663.3196333333333	562.2290666666667	101.18073333333332	1080.2575666666667	341.82683333333335	738.9836333333333	269.9538333333333	14.333333333333334	154.53333333333333
4154.730966666667	3068.461966666667	2390.400633333333	526.4102666666666	305.63363333333336	220.78626666666665	1854.0036666666665	691.6004666666666	659.6262	558.958	100.76023333333335	1080.8990999999999	345.99156666666664	735.5563999999999	264.9014	15.0	158.7
4212.6730333333335	3108.213333333333	2398.2290333333335	536.5941666666666	310.7069333333333	225.86173333333332	1849.5467333333333	719.7284666666668	683.9835666666667	583.8531333333334	99.70573333333333	1098.8615333333335	359.6229666666666	740.0864666666666	263.0368	17.0	164.29999999999998
4218.979633333333	3109.8500666666664	2382.2001	530.5776000000001	304.4146333333333	226.05846666666665	1840.4119	734.5063666666666	699.7423666666667	601.2047333333334	97.71273333333333	1103.3588666666667	360.81663333333336	743.3698666666666	262.70706666666666	19.0	162.76666666666668
4247.343066666667	3142.3772000000004	2397.998766666666	528.4052333333333	303.53793333333334	224.7945	1859.7055666666668	749.7658	714.2729333333333	616.7133666666667	96.457	1099.6221666666668	355.77113333333335	744.5888	264.68313333333333	15.333333333333334	165.4
4260.600866666667	3157.7251333333334	2400.5251000000003	512.9597333333334	288.16563333333335	224.4858	1881.0142666666668	761.1213333333334	725.5702	626.2271666666667	98.28576666666667	1097.7562666666665	352.82086666666663	745.6244666666666	269.204	13.0	166.70000000000002
4270.377066666667	3170.8168	2402.048766666667	512.0006666666667	291.56393333333335	220.26783333333333	1883.6749333333335	771.4000333333333	736.3005333333334	633.1385	102.2974	1094.72	349.23466666666667	746.1297333333333	269.38910000000004	15.0	164.13333333333333
4306.3543666666665	3196.3205	2423.826433333333	513.7016333333332	297.3524333333333	216.31166666666664	1904.0467333333333	775.4107333333333	739.3537666666666	631.5971666666666	107.17096666666667	1105.1297666666667	351.41413333333327	754.3636	272.1231333333333	16.333333333333332	166.70000000000002
4351.611099999999	3235.2533666666664	2437.7691	529.0089333333334	312.9305	216.17103333333333	1900.3848	798.3189000000001	762.0765666666666	647.5286	114.08156666666667	1111.6178666666667	353.4067333333333	758.8654666666667	271.80306666666667	14.666666666666666	172.83333333333334
4351.898366666667	3244.6528333333335	2433.8342	521.1706666666666	304.4701333333333	216.73686666666666	1905.2137666666667	810.3983666666667	774.6232999999999	650.3439666666667	123.96436666666666	1102.8329333333331	351.81286666666665	751.6720333333333	271.1562666666666	15.0	173.66666666666666
4334.197533333333	3227.3025666666667	2401.481433333333	513.4427666666667	297.66406666666666	215.7766333333333	1880.9982	823.5822333333334	788.7067000000001	658.0358333333334	130.42686666666668	1102.3376333333333	349.0438	753.9225	272.7209	16.0	177.4333333333333
4313.471399999999	3219.1425999999997	2381.4176666666667	493.34846666666664	282.4416	210.8411	1882.6287999999997	834.5832666666666	799.4232666666667	666.5842666666666	132.60033333333334	1090.2014	343.0383	747.7188333333334	273.11100000000005	17.333333333333332	183.86666666666667
4222.0534	3155.8230000000003	2332.0951999999997	466.0281	259.3041666666667	206.53493333333336	1862.3440333333335	820.7382333333334	784.7614333333332	652.9357333333334	131.60466666666665	1062.5153	328.6245666666667	734.2419	271.4501333333333	14.666666666666666	196.0
4078.726033333334	3042.0320333333334	2261.9213999999997	441.35110000000003	242.6115	198.5094	1818.3150666666668	778.2375000000001	740.9380333333334	613.9337	126.83076666666666	1032.6020333333333	318.08936666666665	714.8556333333332	264.9469666666667	17.0	200.46666666666667
3955.099733333334	2976.3761	2254.059033333333	401.76790000000005	219.78746666666666	181.7645	1854.4694666666667	723.2317666666667	686.8046666666665	563.1866333333334	123.55793333333332	976.7037666666666	287.5326	689.2483333333333	267.2667333333334	24.0	178.03333333333333
3747.9205	2834.7067	2166.9205333333334	335.90633333333335	168.5042	167.0616666666667	1840.7645999999997	671.2932333333333	642.6229999999999	520.6043	122.07696666666668	912.3068666666667	252.96113333333332	659.4510666666666	265.8467	20.0	169.53333333333333
3659.6684333333337	2766.3752	2143.1986333333334	331.8805333333333	172.31163333333333	159.32253333333333	1822.9776666666667	630.7344999999999	608.1842666666666	488.86193333333335	119.4551	892.2526666666666	241.87783333333334	650.6534666666666	263.05286666666666	17.0	171.33333333333334
3716.1521	2821.0537666666664	2182.667266666667	377.1325	219.8685	157.22123333333334	1808.5990666666667	645.6842333333334	623.3926	500.9728333333333	122.56333333333333	894.8278666666666	244.62913333333336	650.4085333333334	259.3195333333333	15.0	173.86666666666667
3758.2086	2857.0362666666665	2198.6306	389.69146666666666	232.91843333333335	156.77110000000002	1810.5966	664.1413333333334	640.7275666666666	516.1876666666667	124.66276666666666	901.1597	242.6573	658.9426333333334	260.1515	14.333333333333334	176.9
3795.49	2879.7029	2195.123433333333	390.5690333333334	231.81866666666667	158.73170000000002	1806.3766000000003	687.6350000000001	661.5299333333334	531.7707666666666	129.90480000000002	915.4244666666667	247.8194	667.9892666666666	264.1383	15.0	182.0666666666667
3850.0515333333333	2917.8468666666668	2205.3756	401.07186666666666	238.1338333333333	162.9048	1805.1912666666667	713.5609333333333	686.4740333333334	553.2666666666667	133.32636666666667	931.6609666666667	258.35083333333336	673.4017333333334	263.7983	15.0	184.23333333333335
3890.2595333333334	2959.3122666666663	2230.533266666667	411.9003	250.6609	161.22653333333332	1818.8191	729.4122666666667	702.8769666666667	568.4901666666666	134.47133333333332	930.9097	258.61833333333334	672.3675999999999	262.1434	12.0	184.63333333333333
3881.324433333333	2947.3657666666663	2220.457233333333	404.9482333333333	244.1709	160.74363333333335	1816.0692999999999	727.4807999999999	700.7668666666667	570.3255666666666	130.47943333333333	933.7104333333333	260.5321333333333	673.2123666666666	263.2661	13.333333333333334	188.0
3911.547666666667	2977.815666666667	2240.9280333333336	417.51860000000005	254.66823333333332	162.83076666666668	1823.6362000000001	737.3738	709.4136	581.5910333333334	127.83043333333332	933.8092	257.8513	676.0627333333333	264.53929999999997	16.333333333333332	195.9
3909.1444333333334	2971.3071999999997	2236.6968333333334	410.5808333333334	248.78236666666666	161.77086666666668	1826.2450666666666	735.1024000000001	704.8410333333333	578.8203	126.03026666666666	937.7207333333332	260.8761333333333	676.9418666666667	266.86473333333333	14.0	203.70000000000002
3971.250566666667	3024.222433333334	2270.043633333333	425.1621333333333	263.0466666666666	162.12376666666665	1844.9123666666667	754.5592666666666	721.9659666666666	594.4272333333332	127.55133333333333	947.1289666666668	264.7214333333333	682.5002666666666	271.44256666666666	15.333333333333334	203.83333333333334
3985.3769666666667	3041.096633333333	2259.609066666667	433.71926666666667	272.06586666666664	161.67553333333333	1825.8955333333333	781.7001999999999	746.9920999999999	616.7176	130.28893333333335	944.5394333333334	267.55510000000004	677.0399333333334	263.24129999999997	14.333333333333334	200.76666666666665
3997.5618666666664	3043.750366666667	2236.0647	442.63169999999997	279.09826666666663	163.54003333333333	1793.4351	807.7853	772.5060333333334	641.3494999999999	131.16626666666664	953.9201333333334	273.70716666666664	680.2442666666667	259.686	15.333333333333334	202.16666666666666
4023.2973333333334	3056.4953	2234.0887666666663	437.1388666666667	272.4472	164.68966666666668	1796.9295333333332	822.4304999999999	786.7298333333333	657.9613333333333	128.75873333333334	966.8018333333334	275.5755666666667	691.2400333333334	268.103	15.666666666666666	201.80000000000004
4024.391333333333	3062.4400666666666	2237.448366666667	429.6705666666667	265.0912333333333	164.57966666666667	1807.7734	824.9521	789.5411666666668	658.7342	130.80473333333333	961.9092	272.4928	689.4050666666667	266.3594666666666	13.666666666666666	202.39999999999998
4036.238	3073.183066666667	2247.5955	438.17306666666667	273.9118333333333	164.25633333333334	1809.4451	825.5035666666666	790.8220000000001	660.5658999999999	130.25846666666666	962.9886333333334	274.6856666666667	688.2692333333333	265.1435333333333	14.333333333333334	202.26666666666665
4076.6932666666667	3100.9943333333335	2277.6795	452.8899666666667	284.6188333333333	168.26523333333333	1824.8374000000001	823.2660333333333	787.5704333333333	658.3300666666668	129.24516666666668	975.6688333333333	281.68103333333335	693.9058	268.41026666666664	17.0	203.6
4097.091766666666	3116.2895000000003	2296.353433333333	463.3046	295.49053333333336	167.85266666666666	1833.104033333333	819.9683666666666	783.2682666666666	655.6619666666667	127.622	980.7876333333334	280.4636	700.3232666666667	270.277	16.333333333333332	203.9666666666667
4092.017	3105.1594000000005	2293.486	467.79163333333327	299.5743	168.26880000000003	1825.7240333333332	811.8014	774.9042333333333	649.5810333333333	125.3578	986.9779666666667	283.1397666666667	703.8132	271.9845	16.0	204.16666666666666
4128.8364	3135.696066666667	2324.3474	481.67546666666664	312.70896666666664	169.08253333333332	1842.6394	811.5673666666668	776.0041000000001	651.8981666666667	124.17066666666666	993.2083333333334	285.2803666666667	707.8978999999999	274.909	18.666666666666668	201.9
4122.180733333334	3130.4499333333333	2314.2870666666668	479.628	311.5618666666667	168.17683333333332	1834.5307999999998	816.371	780.5582666666668	657.9451	122.73043333333334	991.7919999999999	285.03583333333336	706.7230666666668	272.6154666666667	20.333333333333332	205.5
4141.973966666667	3148.8128666666667	2318.626866666667	493.05	322.5579	170.61953333333332	1825.4627666666665	830.3173333333334	792.5268	669.6652333333333	123.02043333333332	993.1464666666667	288.5795333333333	704.4089333333333	267.5659333333333	18.333333333333332	208.20000000000002
4141.1262	3139.2068333333336	2301.6077999999998	505.86986666666667	334.7513666666667	171.26386666666667	1795.8047333333334	837.5623333333333	797.6437	674.9189333333334	122.90853333333332	1002.0985333333333	294.6407	707.1481	270.40076666666664	17.333333333333332	207.13333333333333
4161.088866666666	3159.000433333333	2315.8153333333335	506.28763333333336	333.27939999999995	173.14493333333334	1809.3853333333334	842.8799666666667	800.8964333333333	678.8529666666667	122.26733333333333	1002.2071333333333	294.9188	706.9318333333332	272.65183333333334	19.0	200.4333333333333
4152.950633333334	3159.0646666666667	2332.6167	503.7855333333334	332.0711333333333	171.8522	1829.1945333333333	826.6805	791.6260666666667	670.4052666666666	121.4246	993.9191666666666	290.7984333333333	702.9002	273.0972	19.666666666666668	191.53333333333333
4131.934833333334	3139.943366666667	2327.242933333333	517.3538666666667	344.5998	172.87523333333334	1808.3131999999998	813.2295666666668	786.9824333333332	666.5088999999999	120.68316666666668	992.0394666666667	291.2908	700.3551000000001	270.50166666666667	19.0	193.03333333333333
4159.650633333334	3168.9211333333333	2363.3692666666666	532.2942999999999	357.74556666666666	174.6481	1828.3171333333332	807.4104666666667	780.6365333333333	661.4937666666666	119.36773333333333	990.7603666666668	291.6510333333333	698.6097666666666	270.67143333333337	23.333333333333332	191.63333333333333
4115.467333333333	3116.1923	2339.0698666666667	518.6705666666667	343.9151	174.90456666666668	1819.0365333333332	780.5366	755.5978666666666	638.1037666666667	117.628	999.3740333333334	294.2255666666667	704.6154333333333	275.4571	20.666666666666668	185.5666666666667
4133.0557	3131.75215	2368.80185	526.1682000000001	351.2597	175.0264	1841.00455	768.50695	746.3987999999999	631.0450000000001	115.51814999999999	1001.4009	295.5871	705.1446	276.17725	26.0	181.95
