10409.849609	10544.070313
10544.070313	10538.660156
10538.660156	10529.030273
10529.030273	10592.44043
10592.44043	10458.889648
10458.889648	10485.179688
10485.179688	10427.179688
10427.179688	10538.370117
10538.370117	10553.849609
10553.849609	10600.509766
10600.509766	10528.660156
10528.660156	10623.620117
10623.620117	10623.179688
10623.179688	10568.290039
10568.290039	10702.509766
10702.509766	10609.919922
10609.919922	10468.370117
10468.370117	10510.290039
10510.290039	10488.070313
10488.070313	10499.179688
10499.179688	10505.179688
10505.179688	10470.740234
10470.740234	10495.549805
10495.549805	10593.030273
10593.030273	10579.030273
10579.030273	10613.849609
10613.849609	10737.700195
10737.700195	10694.070313
10694.070313	10627.849609
10627.849609	10714.879883
10714.879883	10671.990234
10671.990234	10664.730469
10664.730469	10619.030273
10619.030273	10609.620117
10609.620117	10566.370117
10566.370117	10601.620117
10601.620117	10580.139648
10580.139648	10583.919922
10583.919922	10678.139648
10678.139648	10591.480469
10591.480469	10593.110352
10593.110352	10588.0
10588.0	10595.549805
10595.549805	10529.480469
10529.480469	10456.959961
10456.959961	10296.889648
10296.889648	10128.379883
10128.379883	10240.080078
10240.080078	10102.889648
10102.889648	10184.669922
10184.669922	10300.299805
10300.299805	10295.780273
10295.780273	10186.599609
10186.599609	10064.75
10064.75	10063.639648
10063.639648	10048.230469
10048.230469	10218.820313
10218.820313	10212.969727
10212.969727	10329.629883
10329.629883	10381.700195
10381.700195	10357.700195
10357.700195	10373.330078
10373.330078	10470.589844
10470.589844	10558.370117
10558.370117	10570.80957
10570.80957	10480.150391
10480.150391	10442.030273
10442.030273	10515.55957
10515.55957	10381.280273
10381.280273	10377.950195
10377.950195	10397.459961
10397.459961	10451.969727
10451.969727	10437.849609
10437.849609	10314.5
10314.5	10317.269531
10317.269531	10461.200195
10461.200195	10472.839844
10472.839844	10444.730469
10444.730469	10478.160156
10478.160156	10342.599609
10342.599609	10272.269531
10272.269531	10225.570313
10225.570313	10314.0
10314.0	10317.200195
10317.200195	10310.950195
10310.950195	10241.259766
10241.259766	10117.339844
10117.339844	9990.019531
9990.019531	10019.469727
10019.469727	10045.160156
10045.160156	10010.740234
10010.740234	10012.870117
10012.870117	9906.910156
9906.910156	9968.509766
9968.509766	9937.709961
9937.709961	9937.639648
9937.639648	9966.740234
9966.740234	9958.429688
9958.429688	10117.620117
10117.620117	10109.889648
10109.889648	10205.200195
10205.200195	10188.450195
10188.450195	10202.650391
10202.650391	10262.969727
10262.969727	10195.910156
10195.910156	10242.820313
10242.820313	10391.080078
10391.080078	10432.519531
10432.519531	10368.44043
10368.44043	10410.099609
10410.099609	10334.730469
10334.730469	10380.429688
10380.429688	10379.580078
10379.580078	10377.519531
10377.519531	10416.410156
10416.410156	10371.469727
10371.469727	10395.070313
10395.070313	10479.570313
10479.570313	10443.80957
10443.80957	10371.839844
10371.839844	10357.089844
10357.089844	10413.429688
10413.429688	10435.480469
10435.480469	10334.160156
10334.160156	10282.830078
10282.830078	10219.339844
10219.339844	10240.290039
10240.290039	10171.55957
10171.55957	10213.219727
10213.219727	10238.219727
10238.219727	10247.589844
10247.589844	10208.799805
10208.799805	10163.160156
10163.160156	10139.780273
10139.780273	10094.05957
10094.05957	10149.070313
10149.070313	10046.129883
10046.129883	10050.330078
10050.330078	9962.219727
9962.219727	9961.919922
9961.919922	10085.139648
10085.139648	10117.070313
10117.070313	10129.240234
10129.240234	10139.709961
10139.709961	10179.160156
10179.160156	10120.240234
10120.240234	10126.509766
10126.509766	9963.030273
9963.030273	9815.330078
9815.330078	9814.660156
9814.660156	9944.669922
9944.669922	9938.320313
9938.320313	9814.589844
9814.589844	9825.349609
9825.349609	9954.549805
9954.549805	9972.830078
9972.830078	10083.150391
10083.150391	10040.820313
10040.820313	10110.139648
10110.139648	10073.049805
10073.049805	10098.629883
10098.629883	10181.740234
10181.740234	10173.410156
10173.410156	10195.009766
10195.009766	10122.519531
10122.519531	10173.919922
10173.919922	10168.459961
10168.459961	10290.280273
10290.280273	10260.200195
10260.200195	10342.790039
10342.790039	10313.360352
10313.360352	10289.099609
10289.099609	10313.070313
10313.070313	10314.759766
10314.759766	10318.160156
10318.160156	10231.360352
10231.360352	10244.490234
10244.490234	10284.459961
10284.459961	10204.889648
10204.889648	10244.929688
10244.929688	10109.179688
10109.179688	10038.900391
10038.900391	10047.240234
10047.240234	9988.540039
9988.540039	10077.400391
10077.400391	10136.240234
10136.240234	10080.269531
10080.269531	10192.650391
10192.650391	10216.540039
10216.540039	10177.679688
10177.679688	10239.919922
10239.919922	10125.400391
10125.400391	10055.200195
10055.200195	10081.969727
10081.969727	10077.179688
10077.179688	10002.330078
10002.330078	9894.450195
9894.450195	9933.379883
9933.379883	9956.320313
9956.320313	9897.620117
9897.620117	9886.929688
9886.929688	9865.759766
9865.759766	9757.80957
9757.80957	9749.990234
9749.990234	9888.480469
9888.480469	10002.030273
10002.030273	10004.540039
10004.540039	10027.469727
10027.469727	10054.389648
10054.389648	10035.730469
10035.730469	10137.049805
10137.049805	10314.759766
10314.759766	10387.540039
10387.540039	10391.30957
10391.30957	10386.370117
10386.370117	10385.480469
10385.480469	10469.839844
10469.839844	10539.009766
10539.009766	10550.240234
10550.240234	10487.650391
10487.650391	10549.570313
10549.570313	10572.549805
10572.549805	10456.910156
10456.910156	10489.419922
10489.419922	10492.599609
10492.599609	10520.30957
10520.30957	10522.230469
10522.230469	10475.900391
10475.900391	10428.019531
10428.019531	10590.219727
10590.219727	10585.120117
10585.120117	10592.209961
10592.209961	10547.05957
10547.05957	10440.580078
10440.580078	10494.230469
10494.230469	10552.820313
10552.820313	10543.219727
10543.219727	10638.320313
10638.320313	10676.450195
10676.450195	10691.450195
10691.450195	10705.639648
10705.639648	10649.919922
10649.919922	10661.599609
10661.599609	10759.429688
10759.429688	10815.889648
10815.889648	10827.120117
10827.120117	10776.129883
10776.129883	10854.540039
10854.540039	10829.19043
10829.19043	10800.299805
10800.299805	10783.009766
10783.009766	10729.429688
10729.429688	10630.780273
10630.780273	10597.830078
10597.830078	10622.879883
10622.879883	10603.959961
10603.959961	10621.030273
10621.030273	10556.219727
10556.219727	10617.780273
10617.780273	10505.830078
10505.830078	10558.0
10558.0	10628.790039
10628.790039	10539.969727
10539.969727	10471.469727
10471.469727	10392.990234
10392.990234	10368.610352
10368.610352	10461.55957
10461.55957	10498.589844
10498.589844	10467.400391
10467.400391	10427.200195
10427.200195	10489.94043
10489.94043	10551.94043
10551.94043	10596.790039
10596.790039	10593.099609
10593.099609	10716.129883
10716.129883	10715.759766
10715.759766	10724.629883
10724.629883	10664.110352
10664.110352	10749.610352
10749.610352	10796.009766
10796.009766	10791.129883
10791.129883	10837.320313
10837.320313	10834.879883
10834.879883	10754.259766
10754.259766	10785.219727
10785.219727	10611.200195
10611.200195	10673.790039
10673.790039	10748.790039
10748.790039	10841.599609
10841.599609	10766.230469
10766.230469	10830.0
10830.0	10811.969727
10811.969727	10833.030273
10833.030273	10940.549805
10940.549805	10936.860352
10936.860352	10912.620117
10912.620117	10805.620117
10805.620117	10851.509766
10851.509766	10774.360352
10774.360352	10804.509766
10804.509766	10745.099609
10745.099609	10633.070313
10633.070313	10626.349609
10626.349609	10629.669922
10629.669922	10565.389648
10565.389648	10470.509766
10470.509766	10456.019531
10456.019531	10442.870117
10442.870117	10485.650391
10485.650391	10405.700195
10405.700195	10540.929688
10540.929688	10503.759766
10503.759766	10404.299805
10404.299805	10421.139648
10421.139648	10458.459961
10458.459961	10486.019531
10486.019531	10546.320313
10546.320313	10461.339844
10461.339844	10448.55957
10448.55957	10507.969727
10507.969727	10403.929688
10403.929688	10278.75
10278.75	10087.509766
10087.509766	10071.25
10071.25	10127.410156
10127.410156	10012.360352
10012.360352	10218.599609
10218.599609	10157.709961
10157.709961	10242.469727
10242.469727	10151.129883
10151.129883	10198.799805
10198.799805	10070.370117
10070.370117	10192.509766
10192.509766	10251.700195
10251.700195	10256.950195
10256.950195	10384.639648
10384.639648	10340.379883
10340.379883	10345.400391
10345.400391	10384.339844
10384.339844	10281.110352
10281.110352	10300.25
10300.25	10189.480469
10189.480469	10140.120117
10140.120117	10252.290039
10252.290039	10331.879883
10331.879883	10464.450195
10464.450195	10493.19043
10493.19043	10471.910156
10471.910156	10523.55957
10523.55957	10503.679688
10503.679688	10457.799805
10457.799805	10537.599609
10537.599609	10542.549805
10542.549805	10467.480469
10467.480469	10549.870117
10549.870117	10553.490234
10553.490234	10460.969727
10460.969727	10467.030273
10467.030273	10483.070313
10483.070313	10476.860352
10476.860352	10503.019531
10503.019531	10512.629883
10512.629883	10522.55957
10522.55957	10547.570313
10547.570313	10566.370117
10566.370117	10578.650391
10578.650391	10623.070313
10623.070313	10609.110352
10609.110352	10599.669922
10599.669922	10587.929688
10587.929688	10421.44043
10421.44043	10297.839844
10297.839844	10290.780273
10290.780273	10405.629883
10405.629883	10374.480469
10374.480469	10274.969727
10274.969727	10303.44043
10303.44043	10371.799805
10371.799805	10270.679688
10270.679688	10302.290039
10302.290039	10449.139648
10449.139648	10519.719727
10519.719727	10513.889648
10513.889648	10557.389648
10557.389648	10628.889648
10628.889648	10640.830078
10640.830078	10574.990234
10574.990234	10646.55957
10646.55957	10689.150391
10689.150391	10627.769531
10627.769531	10651.179688
10651.179688	10596.480469
10596.480469	10579.769531
10579.769531	10637.089844
10637.089844	10705.549805
10705.549805	10640.910156
10640.910156	10623.150391
10623.150391	10683.740234
10683.740234	10697.589844
10697.589844	10610.099609
10610.099609	10558.030273
10558.030273	10536.929688
10536.929688	10615.669922
10615.669922	10594.410156
10594.410156	10685.889648
10685.889648	10600.30957
10600.30957	10634.379883
10634.379883	10513.450195
10513.450195	10550.709961
10550.709961	10554.929688
10554.929688	10559.230469
10559.230469	10569.889648
10569.889648	10519.580078
10519.580078	10434.870117
10434.870117	10450.629883
10450.629883	10397.290039
10397.290039	10463.049805
10463.049805	10412.820313
10412.820313	10481.599609
10481.599609	10459.629883
10459.629883	10447.370117
10447.370117	10589.240234
10589.240234	10633.5
10633.5	10595.929688
10595.929688	10678.55957
10678.55957	10682.94043
10682.94043	10597.44043
10597.44043	10544.900391
10544.900391	10558.75
10558.75	10641.94043
10641.94043	10557.629883
10557.629883	10481.519531
10481.519531	10378.030273
10378.030273	10422.049805
10422.049805	10419.589844
10419.589844	10443.629883
10443.629883	10456.209961
10456.209961	10473.089844
10473.089844	10552.780273
10552.780273	10568.700195
10568.700195	10535.480469
10535.480469	10441.110352
10441.110352	10317.360352
10317.360352	10287.099609
10287.099609	10292.30957
10292.30957	10238.759766
10238.759766	10253.169922
10253.169922	10216.910156
10216.910156	10216.589844
10216.589844	10287.339844
10287.339844	10348.099609
10348.099609	10285.259766
10285.259766	10414.129883
10414.129883	10281.099609
10281.099609	10215.219727
10215.219727	10385.0
10385.0	10377.870117
10377.870117	10344.980469
10344.980469	10229.950195
10229.950195	10402.769531
10402.769531	10440.070313
10440.070313	10406.769531
10406.769531	10472.730469
10472.730469	10522.589844
10522.589844	10530.759766
10530.759766	10586.230469
10586.230469	10539.719727
10539.719727	10546.209961
10546.209961	10640.099609
10640.099609	10686.040039
10686.040039	10697.169922
10697.169922	10686.44043
10686.44043	10674.759766
10674.759766	10720.219727
10720.219727	10766.330078
10766.330078	10820.280273
10820.280273	10871.429688
10871.429688	10916.089844
10916.089844	10931.620117
10931.620117	10890.719727
10890.719727	10888.160156
10888.160156	10805.870117
10805.870117	10912.570313
10912.570313	10877.509766
10877.509766	10835.009766
10835.009766	10856.860352
10856.860352	10810.910156
10810.910156	10755.120117
10755.120117	10778.580078
10778.580078	10767.769531
10767.769531	10823.719727
10823.719727	10883.509766
10883.509766	10881.669922
10881.669922	10875.589844
10875.589844	10836.530273
10836.530273	10805.549805
10805.549805	10833.730469
10833.730469	10889.44043
10889.44043	10883.269531
10883.269531	10777.769531
10777.769531	10796.259766
10796.259766	10784.820313
10784.820313	10717.5
10717.5	10847.410156
10847.410156	10880.150391
10880.150391	10882.150391
10882.150391	10959.30957
10959.30957	11011.900391
11011.900391	11011.580078
11011.580078	11043.44043
11043.44043	10962.360352
10962.360352	10959.870117
10959.870117	10896.320313
10896.320313	10854.860352
10854.860352	10880.709961
10880.709961	10667.389648
10667.389648	10688.769531
10688.769531	10712.219727
10712.219727	10709.740234
10709.740234	10809.469727
10809.469727	10907.209961
10907.209961	10899.919922
10899.919922	10864.860352
10864.860352	10953.950195
10953.950195	10851.980469
10851.980469	10793.620117
10793.620117	10798.269531
10798.269531	10749.759766
10749.759766	10858.620117
10858.620117	10883.349609
10883.349609	10919.049805
10919.049805	10892.320313
10892.320313	11028.389648
11028.389648	11058.969727
11058.969727	11120.679688
11120.679688	11115.320313
11115.320313	11069.05957
11069.05957	11137.169922
11137.169922	11069.219727
11069.219727	11061.849609
11061.849609	11097.549805
11097.549805	10993.410156
10993.410156	11053.530273
11053.530273	11025.509766
11025.509766	11021.589844
11021.589844	10958.589844
10958.589844	10980.69043
10980.69043	11005.740234
11005.740234	10972.280273
10972.280273	11076.339844
11076.339844	11076.019531
11076.019531	11151.339844
11151.339844	11209.769531
11209.769531	11253.240234
11253.240234	11279.650391
11279.650391	11274.530273
11274.530273	11235.469727
11235.469727	11317.429688
11317.429688	11270.290039
11270.290039	11279.969727
11279.969727	11250.110352
11250.110352	11154.540039
11154.540039	11215.700195
11215.700195	11150.700195
11150.700195	11109.320313
11109.320313	11144.94043
11144.94043	11203.849609
11203.849609	11239.549805
11239.549805	11216.5
11216.5	11120.040039
11120.040039	11141.330078
11141.330078	11089.629883
11089.629883	11129.969727
11129.969727	11137.650391
11137.650391	11073.780273
11073.780273	11268.769531
11268.769531	11278.769531
11278.769531	11342.889648
11342.889648	11347.450195
11347.450195	11336.320313
11336.320313	11283.25
11283.25	11354.490234
11354.490234	11382.509766
11382.509766	11367.139648
11367.139648	11343.290039
11343.290039	11416.450195
11416.450195	11400.280273
11400.280273	11438.860352
11438.860352	11577.740234
11577.740234	11584.540039
11584.540039	11639.769531
11639.769531	11642.650391
11642.650391	11500.730469
11500.730469	11380.990234
11380.990234	11428.769531
11428.769531	11419.889648
11419.889648	11205.610352
11205.610352	11128.290039
11128.290039	11144.05957
11144.05957	11125.330078
11125.330078	11098.349609
11098.349609	11117.320313
11117.320313	11211.049805
11211.049805	11278.610352
11278.610352	11094.429688
11094.429688	11168.30957
11168.30957	11260.280273
11260.280273	11247.870117
11247.870117	11048.719727
11048.719727	11002.139648
11002.139648	10930.900391
10930.900391	10938.820313
10938.820313	10891.919922
10891.919922	10792.580078
10792.580078	10706.139648
10706.139648	10816.919922
10816.919922	11015.19043
11015.19043	11014.549805
11014.549805	10942.110352
10942.110352	10974.839844
10974.839844	11079.459961
11079.459961	11019.110352
11019.110352	10989.089844
10989.089844	11045.280273
11045.280273	10924.740234
10924.740234	10973.55957
10973.55957	11190.799805
11190.799805	11150.219727
11150.219727	11228.019531
11228.019531	11151.820313
11151.820313	11225.299805
11225.299805	11090.669922
11090.669922	11103.549805
11103.549805	11134.769531
11134.769531	11013.179688
11013.179688	10846.290039
10846.290039	10739.349609
10739.349609	10747.360352
10747.360352	10799.230469
10799.230469	11011.419922
11011.419922	10928.099609
10928.099609	10868.379883
10868.379883	11051.049805
11051.049805	11103.709961
11103.709961	11102.509766
11102.509766	11100.429688
11100.429688	11219.700195
11219.700195	11185.679688
11185.679688	11125.730469
11125.730469	11199.929688
11199.929688	11242.589844
11242.589844	11240.349609
11240.349609	11219.379883
11219.379883	11173.589844
11173.589844	11076.179688
11076.179688	11124.370117
11124.370117	11088.030273
11088.030273	11097.870117
11097.870117	11230.259766
11230.259766	11327.120117
11327.120117	11334.959961
11334.959961	11381.469727
11381.469727	11345.049805
11345.049805	11339.839844
11339.839844	11297.900391
11297.900391	11304.459961
11304.459961	11284.049805
11284.049805	11352.009766
11352.009766	11369.94043
11369.94043	11382.910156
11382.910156	11381.150391
11381.150391	11464.150391
11464.150391	11469.280273
11469.280273	11406.200195
11406.200195	11331.44043
11331.44043	11392.110352
11392.110352	11396.839844
11396.839844	11498.089844
11498.089844	11543.320313
11543.320313	11527.389648
11527.389648	11560.769531
11560.769531	11555.0
11555.0	11540.910156
11540.910156	11613.19043
11613.19043	11533.230469
11533.230469	11508.099609
11508.099609	11575.80957
11575.80957	11669.389648
11669.389648	11689.240234
11689.240234	11718.450195
11718.450195	11679.070313
11679.070313	11670.349609
11670.349609	11727.339844
11727.339844	11850.610352
11850.610352	11866.69043
11866.69043	11850.209961
11850.209961	11857.80957
11857.80957	11867.169922
11867.169922	11852.129883
11852.129883	11947.700195
11947.700195	11960.509766
11960.509766	11980.599609
11980.599609	11950.019531
11950.019531	11992.679688
11992.679688	12011.730469
12011.730469	12002.370117
12002.370117	12116.910156
12116.910156	12127.879883
12127.879883	12134.679688
12134.679688	12163.660156
12163.660156	12090.259766
12090.259766	12086.5
12086.5	12080.730469
12080.730469	12031.019531
12031.019531	12018.540039
12018.540039	11986.040039
11986.040039	12105.549805
12105.549805	12156.769531
12156.769531	12176.540039
12176.540039	12103.299805
12103.299805	12108.429688
12108.429688	12131.879883
12131.879883	12218.009766
12218.009766	12251.709961
12251.709961	12305.820313
12305.820313	12342.55957
12342.55957	12316.540039
12316.540039	12321.589844
12321.589844	12326.950195
12326.950195	12280.169922
12280.169922	12121.709961
12121.709961	12136.450195
12136.450195	12226.730469
12226.730469	12221.929688
12221.929688	12194.129883
12194.129883	12283.849609
12283.849609	12331.599609
12331.599609	12309.25
12309.25	12278.410156
12278.410156	12307.490234
12307.490234	12328.480469
12328.480469	12315.580078
12315.580078	12317.5
12317.5	12416.759766
12416.759766	12445.519531
12445.519531	12441.269531
12441.269531	12471.320313
12471.320313	12463.870117
12463.870117	12421.25
12421.25	12343.219727
12343.219727	12407.629883
12407.629883	12510.570313
12510.570313	12501.519531
12501.519531	12463.150391
12463.150391	12474.519531
12474.519531	12480.69043
12480.69043	12398.009766
12398.009766	12423.490234
12423.490234	12416.599609
12416.599609	12442.160156
12442.160156	12514.980469
12514.980469	12556.080078
12556.080078	12582.589844
12582.589844	12577.150391
12577.150391	12567.929688
12567.929688	12565.530273
12565.530273	12477.160156
12477.160156	12533.799805
12533.799805	12621.769531
12621.769531	12502.55957
12502.55957	12487.019531
12487.019531	12490.780273
12490.780273	12523.30957
12523.30957	12621.69043
12621.69043	12673.679688
12673.679688	12653.490234
12653.490234	12661.740234
12661.740234	12666.30957
12666.30957	12666.870117
12666.870117	12637.629883
12637.629883	12580.830078
12580.830078	12552.549805
12552.549805	12654.849609
12654.849609	12741.860352
12741.860352	12765.009766
12765.009766	12767.570313
12767.570313	12786.639648
12786.639648	12738.410156
12738.410156	12686.019531
12686.019531	12647.480469
12647.480469	12632.259766
12632.259766	12216.240234
12216.240234	12268.629883
12268.629883	12234.339844
12234.339844	12114.099609
12114.099609	12050.410156
12050.410156	12207.589844
12207.589844	12192.450195
12192.450195	12260.700195
12260.700195	12276.320313
12276.320313	12318.620117
12318.620117	12075.959961
12075.959961	12133.400391
12133.400391	12159.679688
12159.679688	12110.410156
12110.410156	12226.169922
12226.169922	12288.099609
12288.099609	12447.519531
12447.519531	12461.139648
12461.139648	12481.009766
12481.009766	12469.070313
12469.070313	12397.290039
12397.290039	12300.360352
12300.360352	12348.75
12348.75	12354.349609
12354.349609	12382.299805
12382.299805	12510.299805
12510.299805	12530.049805
12530.049805	12560.200195
12560.200195	12569.139648
12569.139648	12573.849609
12573.849609	12484.620117
12484.620117	12552.959961
12552.959961	12612.129883
12612.129883	12720.459961
12720.459961	12773.040039
12773.040039	12803.839844
12803.839844	12808.629883
12808.629883	12961.980469
12961.980469	12919.400391
12919.400391	12953.94043
12953.94043	13089.889648
13089.889648	13105.5
13105.5	13120.94043
13120.94043	13062.910156
13062.910156	13136.139648
13136.139648	13211.879883
13211.879883	13241.379883
13241.379883	13264.620117
13264.620117	13312.969727
13312.969727	13309.070313
13309.070313	13362.870117
13362.870117	13215.129883
13215.129883	13326.219727
13326.219727	13346.780273
13346.780273	13383.839844
13383.839844	13487.530272999998
13487.530272999998	13476.719727000002
13476.719727000002	13556.530272999998
13556.530272999998	13542.879883000001
13542.879883000001	13539.950195
13539.950195	13525.650391
13525.650391	13441.129883000001
13441.129883000001	13507.280272999998
13507.280272999998	13521.339844
13521.339844	13633.080078
13633.080078	13627.639647999998
13627.639647999998	13668.110352000002
13668.110352000002	13676.320313
13676.320313	13595.459961000002
13595.459961000002	13465.669922
13465.669922	13266.730469
13266.730469	13424.389647999998
13424.389647999998	13424.959961000002
13424.959961000002	13295.009766
13295.009766	13482.349609
13482.349609	13553.730469
13553.730469	13639.480469
13639.480469	13612.980469
13612.980469	13635.419922
13635.419922	13489.419922
13489.419922	13545.839844
13545.839844	13360.259766
13360.259766	13352.049805
13352.049805	13337.660156
13337.660156	13427.730469
13427.730469	13422.280272999998
13422.280272999998	13408.620117
13408.620117	13535.429688
13535.429688	13577.299805
13577.299805	13565.839844
13565.839844	13611.679688
13611.679688	13649.969727000002
13649.969727000002	13501.700195
13501.700195	13577.870116999999
13577.870116999999	13861.730469
13861.730469	13907.25
13907.25	13950.980469
13950.980469	13971.549805
13971.549805	13918.219727000002
13918.219727000002	14000.410156
14000.410156	13851.080078
13851.080078	13943.419922
13943.419922	13716.950195
13716.950195	13785.070313
13785.070313	13473.570313
13473.570313	13265.469727
13265.469727	13358.30957
13358.30957	13211.990234
13211.990234	13362.370117
13362.370117	13463.330078
13463.330078	13181.910156
13181.910156	13468.780272999998
13468.780272999998	13504.299805
13504.299805	13657.860352000002
13657.860352000002	13270.679688
13270.679688	13239.540039
13239.540039	13236.530273
13236.530273	13028.919922
13028.919922	12861.469727
12861.469727	12845.780273
12845.780273	13079.080078
13079.080078	13121.349609
13121.349609	13090.860352
13090.860352	13236.129883
13236.129883	13235.879883
13235.879883	13378.870117
13378.870117	13322.129883
13322.129883	13041.849609
13041.849609	13289.290039
13289.290039	13238.730469
13238.730469	13357.740234
13357.740234	13448.860352000002
13448.860352000002	13305.469727
13305.469727	13363.349609
13363.349609	13113.379883
13113.379883	13127.849609
13127.849609	13308.389648
13308.389648	13291.650391
13291.650391	13424.879883000001
13424.879883000001	13442.519531
13442.519531	13403.419922
13403.419922	13739.389647999998
13739.389647999998	13815.55957
13815.55957	13766.700195
13766.700195	13820.19043
13820.19043	13759.05957
13759.05957	13778.650391
13778.650391	13878.150391
13878.150391	13912.94043
13912.94043	13895.629883000001
13895.629883000001	14087.549805
14087.549805	14047.30957
14047.30957	13968.049805
13968.049805	13974.30957
13974.30957	14066.009766
14066.009766	14043.730469
14043.730469	14164.530272999998
14164.530272999998	14078.69043
14078.69043	14015.120116999999
14015.120116999999	14093.080078
14093.080078	13984.799805
13984.799805	13912.94043
13912.94043	13892.540038999998
13892.540038999998	13888.959961000002
13888.959961000002	13522.019531
13522.019531	13566.969727000002
13566.969727000002	13676.230469
13676.230469	13675.25
13675.25	13671.919922
13671.919922	13806.700195
13806.700195	13870.259766
13870.259766	13792.469727000002
13792.469727000002	13930.009766
13930.009766	13567.870116999999
13567.870116999999	13595.099609
13595.099609	13543.400391
13543.400391	13660.94043
13660.94043	13300.019531
13300.019531	13266.290039
13266.290039	13042.740234
13042.740234	12987.549805
12987.549805	13307.089844
13307.089844	13231.009766
13231.009766	13110.049805
13110.049805	13176.790039
13176.790039	12958.44043
12958.44043	13010.139648
13010.139648	12799.040039
12799.040039	12980.879883
12980.879883	12743.44043
12743.44043	12958.44043
12958.44043	13289.450195
13289.450195	13311.730469
13311.730469	13371.719727
13371.719727	13314.570313
13314.570313	13248.730469
13248.730469	13444.959961000002
13444.959961000002	13619.889647999998
13619.889647999998	13625.580078
13625.580078	13727.030272999998
13727.030272999998	13432.769531
13432.769531	13473.900391
13473.900391	13517.959961000002
13517.959961000002	13339.849609
13339.849609	13167.200195
13167.200195	13232.469727
13232.469727	13207.269531
13207.269531	13245.639648
13245.639648	13450.650391
13450.650391	13550.040038999998
13550.040038999998	13551.69043
13551.69043	13359.610352
13359.610352	13365.870117
13365.870117	13264.820313
13264.820313	13043.959961
13043.959961	13056.719727
13056.719727	12800.179688
12800.179688	12827.490234
12827.490234	12589.070313
12589.070313	12735.30957
12735.30957	12853.089844
12853.089844	12606.299805
12606.299805	12778.150391
12778.150391	12501.110352
12501.110352	12466.160156
12466.160156	12159.209961
12159.209961	12099.299805
12099.299805	11971.19043
11971.19043	12270.169922
12270.169922	12378.610352
12378.610352	12207.169922
12207.169922	12383.889648
12383.889648	12480.299805
12480.299805	12442.830078
12442.830078	12650.360352
12650.360352	12743.19043
12743.19043	12635.160156
12635.160156	12265.129883
12265.129883	12200.099609
12200.099609	12247.0
12247.0	12182.129883
12182.129883	12240.009766
12240.009766	12373.410156
12373.410156	12552.240234
12552.240234	12376.980469
12376.980469	12348.209961
12348.209961	12337.219727
12337.219727	12427.259766
12427.259766	12284.299805
12284.299805	12381.019531
12381.019531	12570.219727
12570.219727	12684.919922
12684.919922	12694.280273
12694.280273	12582.179688
12582.179688	12266.389648
12266.389648	12258.900391
12258.900391	12213.799805
12213.799805	12254.990234
12254.990234	12040.389648
12040.389648	11893.69043
11893.69043	11740.150391
11740.150391	12156.80957
12156.80957	12110.240234
12110.240234	12145.740234
12145.740234	11951.089844
11951.089844	11972.25
11972.25	12392.660156
12392.660156	12099.660156
12099.660156	12361.320313
12361.320313	12548.639648
12548.639648	12532.599609
12532.599609	12422.860352
12422.860352	12302.459961
12302.459961	12216.400391
12216.400391	12262.889648
12262.889648	12654.360352
12654.360352	12608.919922
12608.919922	12626.030273
12626.030273	12609.419922
12609.419922	12612.429688
12612.429688	12576.44043
12576.44043	12527.259766
12527.259766	12581.980469
12581.980469	12325.419922
12325.419922	12302.05957
12302.05957	12362.469727
12362.469727	12619.269531
12619.269531	12620.490234
12620.490234	12849.360352
12849.360352	12825.019531
12825.019531	12720.230469
12720.230469	12763.219727
12763.219727	12848.950195
12848.950195	12891.860352
12891.860352	12871.75
12871.75	12831.94043
12831.94043	12820.129883
12820.129883	13010.0
13010.0	13058.200195
13058.200195	12969.540039
12969.540039	13020.830078
13020.830078	12814.349609
12814.349609	12866.780273
12866.780273	12745.879883
12745.879883	12876.30957
12876.30957	12832.179688
12832.179688	12898.379883
12898.379883	12992.660156
12992.660156	12986.799805
12986.799805	13028.160156
13028.160156	12828.679688
12828.679688	12601.19043
12601.19043	12625.620117
12625.620117	12479.629883
12479.629883	12548.349609
12548.349609	12594.030273
12594.030273	12646.219727
12646.219727	12638.320313
12638.320313	12503.820313
12503.820313	12402.849609
12402.849609	12390.480469
12390.480469	12604.450195
12604.450195	12209.80957
12209.80957	12280.320313
12280.320313	12289.759766
12289.759766	12083.769531
12083.769531	12141.580078
12141.580078	12307.349609
12307.349609	12269.080078
12269.080078	12160.299805
12160.299805	12029.05957
12029.05957	12063.089844
12063.089844	11842.69043
11842.69043	11842.360352
11842.360352	11807.429688
11807.429688	11811.830078
11811.830078	11453.419922
11453.419922	11346.509766
11346.509766	11350.009766
11350.009766	11382.259766
11382.259766	11215.509766
11215.509766	11288.540039
11288.540039	11231.959961
11231.959961	11384.209961
11384.209961	11147.44043
11147.44043	11229.019531
11229.019531	11100.540039
11100.540039	11055.19043
11055.19043	10962.540039
10962.540039	11239.280273
11239.280273	11446.660156
11446.660156	11496.570313
11496.570313	11467.339844
11467.339844	11602.5
11602.5	11632.379883
11632.379883	11349.280273
11349.280273	11370.69043
11370.69043	11131.080078
11131.080078	11397.55957
11397.55957	11583.69043
11583.69043	11378.019531
11378.019531	11326.320313
11326.320313	11284.150391
11284.150391	11615.769531
11615.769531	11656.070313
11656.070313	11431.429688
11431.429688	11734.320313
11734.320313	11782.349609
11782.349609	11642.469727
11642.469727	11532.959961
11532.959961	11615.929688
11615.929688	11659.900391
11659.900391	11479.389648
11479.389648	11348.549805
11348.549805	11417.429688
11417.429688	11430.209961
11430.209961	11628.05957
11628.05957	11386.25
11386.25	11412.870117
11412.870117	11502.509766
11502.509766	11715.179688
11715.179688	11543.959961
11543.959961	11516.919922
11516.919922	11532.879883
11532.879883	11188.230469
11188.230469	11220.959961
11220.959961	11510.740234
11510.740234	11230.730469
11230.730469	11268.919922
11268.919922	11433.709961
11433.709961	11421.990234
11421.990234	10917.509766
10917.509766	11059.019531
11059.019531	10609.660156
10609.660156	11019.69043
11019.69043	11388.44043
11388.44043	11015.69043
11015.69043	10854.169922
10854.169922	10825.169922
10825.169922	11022.05957
11022.05957	11143.129883
11143.129883	10365.450195
10365.450195	10850.660156
10850.660156	10831.070313
10831.070313	10482.849609
10482.849609	10325.379883
10325.379883	9955.5
9955.5	9447.110352
9447.110352	9258.099609
9258.099609	8579.19043
8579.19043	8451.19043
8451.19043	9387.610352
9387.610352	9310.990234
9310.990234	8577.910156
8577.910156	8979.259766
8979.259766	8852.219727
8852.219727	9265.429688
9265.429688	9033.660156
9033.660156	8519.209961
8519.209961	8691.25
8691.25	8378.950195
8378.950195	8175.77002
8175.77002	9065.120117
9065.120117	8990.959961
8990.959961	9180.69043
9180.69043	9325.009766
9325.009766	9319.830078
9319.830078	9625.280273
9625.280273	9139.269531
9139.269531	8695.790039
8695.790039	8943.80957
8943.80957	8870.540039
8870.540039	8693.959961
8693.959961	8282.660156
8282.660156	8835.25
8835.25	8497.30957
8497.30957	8273.580078
8273.580078	8424.75
8424.75	7997.279785
7997.279785	7552.290039
7552.290039	8046.419922
8046.419922	8443.389648
8443.389648	8479.469727
8479.469727	8726.610352
8726.610352	8829.040039
8829.040039	8149.089844
8149.089844	8419.089844
8419.089844	8591.69043
8591.69043	8376.240234
8376.240234	8635.419922
8635.419922	8934.179688
8934.179688	8691.330078
8691.330078	8761.419922
8761.419922	8565.089844
8565.089844	8629.679688
8629.679688	8564.530273
8564.530273	8924.139648
8924.139648	8824.339844
8824.339844	8604.990234
8604.990234	8579.110352
8579.110352	8519.69043
8519.69043	8419.490234
8419.490234	8468.480469
8468.480469	8515.549805
8515.549805	8483.929688
8483.929688	8668.389648
8668.389648	8776.389648
8776.389648	9034.69043
9034.69043	8952.889648
8952.889648	9015.099609
9015.099609	8769.700195
8769.700195	8742.459961
8742.459961	8599.179688
8599.179688	8473.969727
8473.969727	8448.55957
8448.55957	8200.139648
8200.139648	8212.490234
8212.490234	8281.219727
8281.219727	7949.089844
7949.089844	8228.099609
8228.099609	8122.799805
8122.799805	8077.560059
8077.560059	8116.029785
8116.029785	8174.72998
8174.72998	8375.450195
8375.450195	8149.009765999999
8149.009765999999	8000.859863
8000.859863	7936.75
7936.75	8078.359863
8078.359863	7956.660156
7956.660156	8063.069823999999
8063.069823999999	8280.589844
8280.589844	8270.870117
8270.870117	7888.879883
7888.879883	7939.529785
7939.529785	7932.759765999999
7932.759765999999	7850.410156
7850.410156	7552.600098000001
7552.600098000001	7555.629883
7555.629883	7465.950195
7465.950195	7365.669922
7365.669922	7114.779785
7114.779785	7350.939941
7350.939941	7270.890137
7270.890137	7182.080078
7182.080078	7062.930176000001
7062.930176000001	6763.290039
6763.290039	6726.02002
6726.02002	6875.839844
6875.839844	6594.439941
6594.439941	6626.939941
6626.939941	6547.049805
6547.049805	6926.490234000001
6926.490234000001	6930.399901999999
6930.399901999999	7170.060059
7170.060059	7223.97998
7223.97998	7216.970215
7216.970215	7395.700195
7395.700195	7486.580078
7486.580078	7400.799805
7400.799805	7278.379883
7278.379883	7775.859863
7775.859863	7659.970215
7659.970215	7749.810059
7749.810059	7924.560059
7924.560059	7776.180176000001
7776.180176000001	7522.02002
7522.02002	7608.919922
7608.919922	7761.600098000001
7761.600098000001	7978.080078
7978.080078	8017.589844
8017.589844	7975.850098000001
7975.850098000001	7789.560059
7789.560059	7837.109863
7837.109863	8083.379883
8083.379883	8057.810059
8057.810059	7920.180176000001
7920.180176000001	8029.620117
8029.620117	8125.430176000001
8125.430176000001	8131.330078
8131.330078	7841.72998
7841.72998	7969.560059
7969.560059	7886.569823999999
7886.569823999999	7957.060059
7957.060059	8076.290039
8076.290039	8025.0
8025.0	8016.950195
8016.950195	8185.72998
8185.72998	8168.120117
8168.120117	8212.410156
8212.410156	8426.740234
8426.740234	8410.650391
8410.650391	8512.280273
8512.280273	8409.849609
8409.849609	8574.650391
8574.650391	8418.769531
8418.769531	8469.110352
8469.110352	8284.889648
8284.889648	8331.320313
8331.320313	8268.639648
8268.639648	8504.080078
8504.080078	8474.849609
8474.849609	8422.040039
8422.040039	8292.129883
8292.129883	8277.320313
8277.320313	8473.490234
8473.490234	8300.019531
8300.019531	8403.799805
8403.799805	8500.330078
8500.330078	8721.44043
8721.44043	8740.870117
8740.870117	8675.240234
8675.240234	8750.240234
8750.240234	8763.129883
8763.129883	8764.490234
8764.490234	8763.05957
8763.05957	8739.019531
8739.019531	8770.919922
8770.919922	8799.259766
8799.259766	8612.129883
8612.129883	8504.669922
8504.669922	8497.179688
8497.179688	8555.599609
8555.599609	8539.730469
8539.730469	8339.009766
8339.009766	8322.910156
8322.910156	8299.860352
8299.860352	8472.400391
8472.400391	8438.389648
8438.389648	8529.379883
8529.379883	8447.0
8447.0	8504.05957
8504.05957	8280.740234
8280.740234	8324.870117
8324.870117	8163.600098000001
8163.600098000001	8178.410156
8178.410156	8183.169922
8183.169922	8146.52002
8146.52002	8331.679688
8331.679688	8359.490234
8359.490234	8616.209961
8616.209961	8711.820313
8711.820313	8743.94043
8743.94043	8848.150391
8848.150391	8915.94043
8915.94043	8881.259766
8881.259766	9069.290039
9069.290039	9093.240234
9093.240234	9108.509766
9108.509766	9096.719727
9096.719727	9070.719727
9070.719727	9154.459961
9154.459961	9171.610352
9171.610352	9286.55957
9286.55957	9320.19043
9320.19043	9280.969727
9280.969727	9256.259766
9256.259766	9370.070313
9370.070313	9337.950195
9337.950195	9241.450195
9241.450195	9361.610352
9361.610352	9398.19043
9398.19043	9321.400391
9321.400391	9135.339844
9135.339844	9217.94043
9217.94043	9279.160156
9279.160156	9350.049805
9350.049805	9505.959961
9505.959961	9509.280273
9509.280273	9539.290039
9539.290039	9543.519531
9543.519531	9580.629883
9580.629883	9544.200195
9544.200195	9496.280273
9496.280273	9310.599609
9310.599609	9280.669922
9280.669922	9344.610352
9344.610352	9441.269531
9441.269531	9497.339844
9497.339844	9547.219727
9547.219727	9627.480469
9627.480469	9605.410156
9605.410156	9626.799805
9626.799805	9683.410156
9683.410156	9791.709961
9791.709961	9783.919922
9783.919922	9820.200195
9820.200195	9778.860352
9778.860352	9829.870117
9829.870117	9748.549805
9748.549805	9707.44043
9707.44043	9665.19043
9665.19043	9789.360352
9789.360352	9742.200195
9742.200195	9712.280273
9712.280273	9509.280273
9509.280273	9487.669922
9487.669922	9599.75
9599.75	9731.25
9731.25	9725.580078
9725.580078	9786.870117
9786.870117	9864.94043
9864.94043	9885.799805
9885.799805	9871.05957
9871.05957	10015.860352
10015.860352	10062.94043
10062.94043	9995.910156
9995.910156	10092.19043
10092.19043	10041.480469
10041.480469	9949.360352
9949.360352	10081.30957
10081.30957	9972.179688
9972.179688	9867.959961
9867.959961	9882.169922
9882.169922	9762.69043
9762.69043	9962.580078
9962.580078	9712.730469
9712.730469	9789.44043
9789.44043	9771.910156
9771.910156	9802.139648
9802.139648	10005.959961
10005.959961	10023.419922
10023.419922	10226.94043
10226.94043	10246.969727
10246.969727	10291.259766
10291.259766	10197.469727
10197.469727	10270.469727
10270.469727	10406.959961
10406.959961	10437.419922
10437.419922	10426.30957
10426.30957	10332.44043
10332.44043	10318.160156
10318.160156	10450.950195
10450.950195	10433.709961
10433.709961	10464.400391
10464.400391	10309.919922
10309.919922	10344.839844
10344.839844	10471.580078
10471.580078	10452.679688
10452.679688	10366.150391
10366.150391	10388.900391
10388.900391	10390.110352
10390.110352	10285.969727
10285.969727	10337.049805
10337.049805	10405.830078
10405.830078	10471.5
10471.5	10501.049805
10501.049805	10452.0
10452.0	10441.120117
10441.120117	10308.259766
10308.259766	10328.889648
10328.889648	10414.139648
10414.139648	10464.929688
10464.929688	10466.44043
10466.44043	10520.089844
10520.089844	10547.080078
10547.080078	10545.410156
10545.410156	10548.509766
10548.509766	10428.049805
10428.049805	10583.959961
10583.959961	10572.019531
10572.019531	10573.679688
10573.679688	10606.860352
10606.860352	10618.19043
10618.19043	10663.990234
10663.990234	10627.259766
10627.259766	10680.769531
10680.769531	10710.549805
10710.549805	10609.650391
10609.650391	10725.429688
10725.429688	10603.150391
10603.150391	10389.879883
10389.879883	10172.980469
10172.980469	10196.860352
10196.860352	10194.290039
10194.290039	10236.160156
10236.160156	10120.459961
10120.459961	10067.330078
10067.330078	10185.530273
10185.530273	10296.849609
10296.849609	10270.549805
10270.549805	10002.179688
10002.179688	10012.230469
10012.230469	9908.389648
9908.389648	10058.639648
10058.639648	10038.379883
10038.379883	10144.19043
10144.19043	10099.139648
10099.139648	10268.80957
10268.80957	10309.240234
10309.240234	10392.900391
10392.900391	10402.349609
10402.349609	10383.379883
10383.379883	10282.410156
10282.410156	10374.160156
10374.160156	10321.030273
10321.030273	10325.259766
10325.259766	10403.790039
10403.790039	10405.980469
10405.980469	10396.759766
10396.759766	10444.139648
10444.139648	10566.200195
10566.200195	10552.519531
10552.519531	10564.379883
10564.379883	10567.330078
10567.330078	10611.839844
10611.839844	10624.69043
10624.69043	10642.150391
10642.150391	10685.980469
10685.980469	10733.669922
10733.669922	10779.169922
10779.169922	10741.980469
10741.980469	10785.889648
10785.889648	10888.830078
10888.830078	10836.150391
10836.150391	10841.209961
10841.209961	10850.360352
10850.360352	10895.860352
10895.860352	10907.419922
10907.419922	10856.629883
10856.629883	10927.070313
10927.070313	10973.549805
10973.549805	10969.990234
10969.990234	10897.519531
10897.519531	10927.070313
10927.070313	10997.349609
10997.349609	11005.969727
11005.969727	11019.419922
11019.419922	11123.110352
11123.110352	11144.570313
11144.570313	11018.660156
11018.660156	11092.049805
11092.049805	11117.05957
11117.05957	11124.919922
11124.919922	11134.290039
11134.290039	11204.280273
11204.280273	11205.030273
11205.030273	10991.990234
10991.990234	11045.269531
11045.269531	11167.320313
11167.320313	11008.610352
11008.610352	11151.830078
11151.830078	10926.769531
10926.769531	10866.830078
10866.830078	10520.320313
10520.320313	10380.429688
10380.429688	10785.139648
10785.139648	10748.259766
10748.259766	10896.910156
10896.910156	10782.950195
10782.950195	10620.160156
10620.160156	10625.830078
10625.830078	10510.950195
10510.950195	10444.370117
10444.370117	10068.009766
10068.009766	10193.389648
10193.389648	10066.570313
10066.570313	10043.75
10043.75	9974.450195
9974.450195	10258.990234
10258.990234	10136.629883
10136.629883	10024.019531
10024.019531	10249.540039
10249.540039	10255.280273
10255.280273	9931.969727
9931.969727	9816.490234
9816.490234	9939.980469
9939.980469	9899.25
9899.25	10172.530273
10172.530273	10211.070313
10211.070313	10190.889648
10190.889648	10404.769531
10404.769531	10409.459961
10409.459961	10434.169922
10434.169922	10450.639648
10450.639648	10442.410156
10442.410156	10293.519531
10293.519531	10298.44043
10298.44043	10152.799805
10152.799805	10143.80957
10143.80957	10138.519531
10138.519531	9870.299805
9870.299805	9774.019531
9774.019531	9732.530273
9732.530273	9686.480469
9686.480469	9743.620117
9743.620117	10018.280273
10018.280273	10138.990234
10138.990234	10198.030273
10198.030273	10216.269531
10216.269531	10363.019531
10363.019531	10366.719727
10366.719727	10359.30957
10359.30957	10097.900391
10097.900391	10154.429688
10154.429688	10229.959961
10229.959961	10120.530273
10120.530273	10322.299805
10322.299805	10424.620117
10424.620117	10525.429688
10525.429688	10537.69043
10537.69043	10497.879883
10497.879883	10467.160156
10467.160156	10465.94043
10465.94043	10674.379883
10674.379883	10636.379883
10636.379883	10680.429688
10680.429688	10674.980469
10674.980469	10653.55957
10653.55957	10698.75
10698.75	10644.25
10644.25	10378.830078
10378.830078	10319.950195
10319.950195	10303.150391
10303.150391	10302.009766
10302.009766	10405.849609
10405.849609	10415.540039
10415.540039	10271.209961
10271.209961	10213.620117
10213.620117	10174.410156
10174.410156	10040.450195
10040.450195	10060.05957
10060.05957	9985.80957
9985.80957	10150.650391
10150.650391	10009.730469
10009.730469	10014.719727
10014.719727	10269.469727
10269.469727	10320.099609
10320.099609	10447.929688
10447.929688	10340.69043
10340.69043	10387.009766
10387.009766	10415.240234
10415.240234	10462.769531
10462.769531	10544.129883
10544.129883	10526.490234
10526.490234	10572.730469
10572.730469	10594.830078
10594.830078	10607.849609
10607.849609	10753.620117
10753.620117	10761.030273
10761.030273	10739.30957
10739.30957	10662.419922
10662.419922	10860.259766
10860.259766	10812.040039
10812.040039	10858.139648
10858.139648	10835.280273
10835.280273	10788.049805
10788.049805	10829.679688
10829.679688	10751.269531
10751.269531	10944.719727
10944.719727	10967.650391
10967.650391	10948.580078
10948.580078	11006.480469
11006.480469	11010.339844
11010.339844	11020.400391
11020.400391	11096.080078
11096.080078	11094.570313
11094.570313	11062.780273
11062.780273	11143.69043
11143.69043	10978.620117
10978.620117	11107.969727
11107.969727	11146.570313
11146.570313	11132.55957
11132.55957	11164.049805
11164.049805	11169.459961
11169.459961	11126.280273
11126.280273	11113.950195
11113.950195	11118.490234
11118.490234	11124.620117
11124.620117	11188.719727
11188.719727	11215.129883
11215.129883	11434.839844
11434.839844	11444.080078
11444.080078	11406.839844
11406.839844	11346.75
11346.75	11357.040039
11357.040039	11283.099609
11283.099609	11192.580078
11192.580078	11201.969727
11201.969727	11023.5
11023.5	11007.879883
11007.879883	11181.230469
11181.230469	11203.549805
11203.549805	11178.580078
11178.580078	11036.370117
11036.370117	11187.280273
11187.280273	11091.870117
11091.870117	11052.490234
11052.490234	11006.019531
11006.019531	11255.780273
11255.780273	11362.410156
11362.410156	11382.089844
11382.089844	11362.19043
11362.19043	11359.160156
11359.160156	11372.480469
11372.480469	11370.05957
11370.05957	11410.320313
11410.320313	11428.55957
11428.55957	11476.540039
11476.540039	11457.469727
11457.469727	11499.25
11499.25	11491.910156
11491.910156	11478.129883
11478.129883	11533.160156
11533.160156	11559.490234
11559.490234	11573.490234
11573.490234	11555.030273
11555.030273	11575.540039
11575.540039	11585.379883
11585.379883	11569.709961
11569.709961	11577.509766
11577.509766	11670.75
11670.75	11691.179688
11691.179688	11722.889648
11722.889648	11697.30957
11697.30957	11674.759766
11674.759766	11637.450195
11637.450195	11671.879883
11671.879883	11755.44043
11755.44043	11731.900391
11731.900391	11787.379883
11787.379883	11837.929688
11837.929688	11825.290039
11825.290039	11822.799805
11822.799805	11871.839844
11871.839844	11980.519531
11980.519531	11977.19043
11977.19043	11985.44043
11985.44043	11989.830078
11989.830078	11823.700195
11823.700195	11891.929688
11891.929688	12040.160156
12040.160156	12041.969727
12041.969727	12062.259766
12062.259766	12092.150391
12092.150391	12161.629883
12161.629883	12233.150391
12233.150391	12239.889648
12239.889648	12229.290039
12229.290039	12273.259766
12273.259766	12268.19043
12268.19043	12226.639648
12226.639648	12288.169922
12288.169922	12318.139648
12318.139648	12391.25
12391.25	12212.790039
12212.790039	12105.780273
12105.780273	12068.5
12068.5	12130.450195
12130.450195	12226.339844
12226.339844	12058.019531
12058.019531	12066.799805
12066.799805	12258.200195
12258.200195	12169.879883
12169.879883	12090.030273
12090.030273	12214.379883
12214.379883	12213.089844
12213.089844	11984.610352
11984.610352	12044.400391
12044.400391	11993.160156
11993.160156	11855.419922
11855.419922	11613.299805
11613.299805	11774.589844
11774.589844	11858.519531
11858.519531	12036.530273
12036.530273	12018.629883
12018.629883	12086.019531
12086.019531	12170.55957
12170.55957	12220.589844
12220.589844	12197.879883
12197.879883	12279.009766
12279.009766	12350.610352
12350.610352	12319.730469
12319.730469	12376.719727
12376.719727	12400.030273
12400.030273	12393.900391
12393.900391	12426.75
12426.75	12409.490234
12409.490234	12380.049805
12380.049805	12381.110352
12381.110352	12263.580078
12263.580078	12270.990234
12270.990234	12285.150391
12285.150391	12341.830078
12341.830078	12201.589844
12201.589844	12266.75
12266.75	12453.540039
12453.540039	12505.990234
12505.990234	12479.879883
12479.879883	12595.370117
12595.370117	12690.959961
12690.959961	12763.30957
12763.30957	12810.540039
12810.540039	12807.360352
12807.360352	12807.509766
12807.509766	12723.580078
12723.580078	12584.169922
12584.169922	12638.740234
12638.740234	12684.679688
12684.679688	12760.360352
12760.360352	12630.030273
12630.030273	12695.919922
12695.919922	12595.75
12595.75	12548.370117
12548.370117	12479.580078
12479.580078	12560.179688
12560.179688	12605.320313
12605.320313	12512.040039
12512.040039	12381.259766
12381.259766	12356.209961
12356.209961	12394.660156
12394.660156	12402.759766
12402.759766	12441.580078
12441.580078	12569.790039
12569.790039	12290.139648
12290.139648	12248.549805
12248.549805	12151.259766
12151.259766	12089.959961
12089.959961	12070.80957
12070.80957	12048.94043
12048.94043	12124.360352
12124.360352	11951.910156
11951.910156	11952.969727
11952.969727	12076.110352
12076.110352	11897.269531
11897.269531	11961.519531
11961.519531	12004.360352
12004.360352	12080.379883
12080.379883	12190.009766
12190.009766	12109.669922
12109.669922	12050.0
12050.0	11934.580078
11934.580078	12043.55957
12043.55957	12188.69043
12188.69043	12261.419922
12261.419922	12414.339844
12414.339844	12582.769531
12582.769531	12569.870117
12569.870117	12626.019531
12626.019531	12719.490234
12719.490234	12657.200195
12657.200195	12505.759766
12505.759766	12446.879883
12446.879883	12491.610352
12491.610352	12437.120117
12437.120117	12479.730469
12479.730469	12385.160156
12385.160156	12587.419922
12587.419922	12571.910156
12571.910156	12724.410156
12724.410156	12681.160156
12681.160156	12592.799805
12592.799805	12501.299805
12501.299805	12302.549805
12302.549805	12240.110352
12240.110352	12143.240234
12143.240234	12132.490234
12132.490234	11866.620117
11866.620117	11896.44043
11896.44043	11383.679688
11383.679688	11444.610352
11444.610352	10809.849609
10809.849609	11239.769531
11239.769531	10719.94043
10719.94043	11143.30957
11143.30957	11269.019531
11269.019531	11482.900391
11482.900391	11405.929688
11405.929688	11410.209961
11410.209961	10990.580078
10990.580078	10817.650391
10817.650391	10854.650391
10854.650391	11176.759766
11176.759766	11320.709961
11320.709961	11149.820313
11149.820313	11284.540039
11284.540039	11539.25
11539.25	11559.950195
11559.950195	11613.530273
11613.530273	11493.570313
11493.570313	11240.259766
11240.259766	11139.299805
11139.299805	11414.860352
11414.860352	11295.80957
11295.80957	10992.129883
10992.129883	11061.120117
11061.120117	11105.849609
11105.849609	11246.730469
11246.730469	11433.179688
11433.179688	11509.089844
11509.089844	11401.009766
11401.009766	11408.660156
11408.660156	11124.839844
11124.839844	10733.830078
10733.830078	10771.480469
10771.480469	11043.860352
11043.860352	11190.69043
11190.69043	11010.900391
11010.900391	11153.980469
11153.980469	10913.379883
10913.379883	10655.299805
10655.299805	10808.709961
10808.709961	10939.950195
10939.950195	11123.330078
11123.330078	11103.120117
11103.120117	11433.179688
11433.179688	11416.299805
11416.299805	11518.849609
11518.849609	11478.129883
11478.129883	11644.490234
11644.490234	11397.0
11397.0	11577.049805
11577.049805	11504.620117
11504.620117	11541.780273
11541.780273	11808.790039
11808.790039	11913.620117
11913.620117	11706.620117
11706.620117	11869.040039
11869.040039	12208.549805
12208.549805	12231.110352
12231.110352	11955.009766
11955.009766	11657.959961
11657.959961	11836.040039
11836.040039	12044.469727
12044.469727	11983.240234
11983.240234	12068.389648
12068.389648	12170.179688
12170.179688	11780.94043
11780.94043	11893.860352
11893.860352	12153.679688
12153.679688	12078.980469
12078.980469	12096.160156
12096.160156	11905.589844
11905.589844	11770.730469
11770.730469	11796.160156
11796.160156	11547.30957
11547.30957	11493.719727
11493.719727	11257.549805
11257.549805	11231.650391
11231.650391	11523.009766
11523.009766	11555.629883
11555.629883	12045.679688
12045.679688	12020.030273
12020.030273	12019.419922
12019.419922	12097.830078
12097.830078	12150.129883
12150.129883	12196.370117
12196.370117	11997.700195
11997.700195	12184.259766
12184.259766	12021.389648
12021.389648	11954.94043
11954.94043	11823.480469
11823.480469	11868.80957
11868.80957	11866.389648
11866.389648	11766.259766
11766.259766	12103.580078
12103.580078	12107.740234
12107.740234	12169.650391
12169.650391	12294.0
12294.0	12291.349609
12291.349609	12151.410156
12151.410156	12287.040039
12287.040039	12217.55957
12217.55957	12397.379883
12397.379883	12418.419922
12418.419922	12415.700195
12415.700195	12359.919922
12359.919922	12392.69043
12392.69043	12462.469727
12462.469727	12449.450195
12449.450195	12471.019531
12471.019531	12422.05957
12422.05957	12482.070313
12482.070313	12578.950195
12578.950195	12623.980469
12623.980469	12720.480469
12720.480469	12708.820313
12708.820313	12675.75
12675.75	12758.849609
12758.849609	12734.629883
12734.629883	12660.459961
12660.459961	12653.719727
12653.719727	12632.910156
12632.910156	12716.459961
12716.459961	12705.410156
12705.410156	12862.230469
12862.230469	12845.129883
12845.129883	12878.200195
12878.200195	12883.950195
12883.950195	12890.459961
12890.459961	12801.230469
12801.230469	12874.040039
12874.040039	12878.280273
12878.280273	12780.950195
12780.950195	12904.080078
12904.080078	12949.870117
12949.870117	12965.69043
12965.69043	12938.669922
12938.669922	12984.69043
12984.69043	12982.950195
12982.950195	12981.509766
12981.509766	13005.120117
13005.120117	12952.070313
12952.070313	12980.299805
12980.299805	12977.570313
12977.570313	12962.80957
12962.80957	12759.150391
12759.150391	12837.330078
12837.330078	12907.94043
12907.94043	12922.019531
12922.019531	12959.709961
12959.709961	13177.679688
13177.679688	13194.099609
13194.099609	13252.759766
13252.759766	13232.620117
13232.620117	13239.129883
13239.129883	13170.19043
13170.19043	13124.620117
13124.620117	13046.139648
13046.139648	13080.730469
13080.730469	13241.629883
13241.629883	13197.730469
13197.730469	13126.209961
13126.209961	13145.820313
13145.820313	13212.040039
13212.040039	13264.490234
13264.490234	13199.549805
13199.549805	13074.75
13074.75	13060.139648
13060.139648	12929.589844
12929.589844	12715.929688
12715.929688	12805.389648
12805.389648	12986.580078
12986.580078	12849.589844
12849.589844	12921.410156
12921.410156	13115.540039
13115.540039	13032.75
13032.75	12964.099609
12964.099609	13029.259766
13029.259766	12927.169922
12927.169922	13001.55957
13001.55957	13090.719727
13090.719727	13204.620117
13204.620117	13228.30957
13228.30957	13213.629883
13213.629883	13279.320313
13279.320313	13268.570313
13268.570313	13206.589844
13206.589844	13038.269531
13038.269531	13008.530273
13008.530273	12932.089844
12932.089844	12835.05957
12835.05957	12855.040039
12855.040039	12820.599609
12820.599609	12695.349609
12695.349609	12632.0
12632.0	12598.549805
12598.549805	12442.490234
12442.490234	12369.379883
12369.379883	12504.480469
12504.480469	12502.80957
12502.80957	12496.150391
12496.150391	12529.75
12529.75	12454.830078
12454.830078	12580.69043
12580.69043	12419.860352
12419.860352	12393.450195
12393.450195	12118.570313
12118.570313	12101.459961
12101.459961	12127.950195
12127.950195	12414.790039
12414.790039	12460.959961
12460.959961	12554.200195
12554.200195	12411.230469
12411.230469	12573.799805
12573.799805	12496.379883
12496.379883	12651.910156
12651.910156	12767.169922
12767.169922	12741.820313
12741.820313	12837.330078
12837.330078	12824.389648
12824.389648	12573.570313
12573.570313	12640.780273
12640.780273	12502.660156
12502.660156	12534.669922
12534.669922	12627.009766
12627.009766	12602.259766
12602.259766	12880.089844
12880.089844	12871.389648
12871.389648	12943.660156
12943.660156	12896.669922
12896.669922	12772.469727
12772.469727	12736.290039
12736.290039	12653.120117
12653.120117	12604.530273
12604.530273	12573.269531
12573.269531	12777.089844
12777.089844	12727.209961
12727.209961	12805.540039
12805.540039	12908.700195
12908.700195	12943.360352
12943.360352	12822.570313
12822.570313	12721.459961
12721.459961	12617.320313
12617.320313	12676.049805
12676.049805	12887.929688
12887.929688	13075.660156
13075.660156	13073.009766
13073.009766	13008.679688
13008.679688	12976.129883
12976.129883	12878.879883
12878.879883	13096.169922
13096.169922	13117.509766
13117.509766	13168.599609
13168.599609	13175.639648
13175.639648	13165.19043
13165.19043	13207.950195
13207.950195	13169.429688
13169.429688	13172.139648
13172.139648	13164.780273
13164.780273	13250.110352
13250.110352	13275.200195
13275.200195	13271.639648
13271.639648	13203.580078
13203.580078	13172.759766
13172.759766	13057.459961
13057.459961	13157.969727
13157.969727	13124.669922
13124.669922	13102.990234
13102.990234	13107.480469
13107.480469	13000.709961
13000.709961	13090.839844
13090.839844	13035.94043
13035.94043	13047.480469
13047.480469	13292.0
13292.0	13306.639648
13306.639648	13254.290039
13254.290039	13323.360352
13323.360352	13333.349609
13333.349609	13539.860352000002
13539.860352000002	13593.370116999999
13593.370116999999	13553.099609
13553.099609	13564.639647999998
13564.639647999998	13577.959961000002
13577.959961000002	13596.929688
13596.929688	13579.469727000002
13579.469727000002	13558.919922
13558.919922	13457.549805
13457.549805	13413.509766
13413.509766	13485.969727000002
13485.969727000002	13437.129883000001
13437.129883000001	13515.110352000002
13515.110352000002	13482.360352000002
13482.360352000002	13494.610352000002
13494.610352000002	13575.360352000002
13575.360352000002	13610.150391
13610.150391	13583.650391
13583.650391	13473.530272999998
13473.530272999998	13344.969727
13344.969727	13326.389648
13326.389648	13328.849609
13328.849609	13424.230469
13424.230469	13551.780272999998
13551.780272999998	13557.0
13557.0	13548.94043
13548.94043	13343.509766
13343.509766	13345.889648
13345.889648	13102.530273
13102.530273	13077.339844
13077.339844	13103.679688
13103.679688	13107.209961
13107.209961	13096.459961
13096.459961	13232.620117
13232.620117	13093.160156
13093.160156	13112.44043
13112.44043	13245.679688
13245.679688	12932.730469
12932.730469	12811.320313
12811.320313	12815.389648
12815.389648	12815.080078
12815.080078	12756.179688
12756.179688	12570.950195
12570.950195	12542.379883
12542.379883	12588.30957
12588.30957	12795.959961
12795.959961	12788.509766
12788.509766	12836.889648
12836.889648	13009.530273
13009.530273	12967.370117
12967.370117	12878.129883
12878.129883	12985.110352
12985.110352	13021.820313
13021.820313	13025.580078
13025.580078	12965.599609
12965.599609	12951.780273
12951.780273	13034.490234
13034.490234	13074.040039
13074.040039	13155.129883
13155.129883	13169.879883
13169.879883	13248.44043
13248.44043	13245.450195
13245.450195	13170.719727
13170.719727	13135.009766
13135.009766	13235.389648
13235.389648	13350.959961
13350.959961	13251.969727
13251.969727	13311.719727
13311.719727	13190.839844
13190.839844	13138.929688
13138.929688	13114.589844
13114.589844	13096.30957
13096.30957	12938.110352
12938.110352	13104.139648
13104.139648	13412.549805
13412.549805	13391.360352
13391.360352	13435.209961000002
13435.209961000002	13384.290039
13384.290039	13328.849609
13328.849609	13390.509766
13390.509766	13471.219727000002
13471.219727000002	13488.429688
13488.429688	13507.320313
13507.320313	13534.889647999998
13534.889647999998	13511.230469
13511.230469	13596.019531
13596.019531	13649.700195
13649.700195	13712.209961000002
13712.209961000002	13779.330078
13779.330078	13825.330078
13825.330078	13895.980469
13895.980469	13881.929688
13881.929688	13954.419922
13954.419922	13910.419922
13910.419922	13860.580078
13860.580078	14009.790038999998
14009.790038999998	13880.080078
13880.080078	13979.299805
13979.299805	13986.519531
13986.519531	13944.049805
13944.049805	13992.969727000002
13992.969727000002	13971.240234
13971.240234	14018.700195
14018.700195	13982.910156
13982.910156	13973.389647999998
13973.389647999998	13981.759766
13981.759766	14035.669922
14035.669922	13927.540038999998
13927.540038999998	13880.620116999999
13880.620116999999	14000.570313
14000.570313	13784.169922
13784.169922	13900.129883000001
13900.129883000001	14075.370116999999
14075.370116999999	14054.490234
14054.490234	14089.660156
14089.660156	14127.820313
14127.820313	14253.769531
14253.769531	14296.240234
14296.240234	14329.490234
14329.490234	14397.070313
14397.070313	14447.290038999998
14447.290038999998	14450.05957
14450.05957	14455.280272999998
14455.280272999998	14539.139647999998
14539.139647999998	14514.110352000002
14514.110352000002	14452.05957
14452.05957	14455.820313
14455.820313	14511.730469
14511.730469	14421.490234
14421.490234	14512.030272999998
14512.030272999998	14447.75
14447.75	14559.650391
14559.650391	14526.160156
14526.160156	14578.540038999998
14578.540038999998	14572.849609
14572.849609	14662.009766
14662.009766	14550.349609
14550.349609	14606.110352000002
14606.110352000002	14565.25
14565.25	14613.480469
14613.480469	14673.459961000002
14673.459961000002	14802.240234
14802.240234	14865.139647999998
14865.139647999998	14865.05957
14865.05957	14599.200195
14599.200195	14756.780272999998
14756.780272999998	14618.589844
14618.589844	14537.139647999998
14537.139647999998	14547.509766
14547.509766	14567.169922
14567.169922	14719.459961000002
14719.459961000002	14676.299805
14676.299805	14700.799805
14700.799805	14712.549805
14712.549805	14818.75
14818.75	14839.799805
14839.799805	14700.950195
14700.950195	14831.580078
14831.580078	14973.959961000002
14973.959961000002	14968.889647999998
14968.889647999998	15056.200195
15056.200195	15105.120116999999
15105.120116999999	15082.620116999999
15082.620116999999	15118.490234
15118.490234	15091.679688
15091.679688	15215.25
15215.25	15275.69043
15275.69043	15233.219727000002
15233.219727000002	15354.400391
15354.400391	15335.280272999998
15335.280272999998	15387.580078
15387.580078	15307.169922
15307.169922	15294.5
15294.5	15303.099609
15303.099609	15409.389647999998
15409.389647999998	15302.799805
15302.799805	15324.530272999998
15324.530272999998	15115.570313
15115.570313	15254.030272999998
15254.030272999998	15177.540038999998
15177.540038999998	14960.589844
14960.589844	15040.620116999999
15040.620116999999	15248.120116999999
15248.120116999999	15238.589844
15238.589844	15122.019531
15122.019531	14995.230469
14995.230469	15176.080078
15176.080078	15070.179688
15070.179688	15179.849609
15179.849609	15318.230469
15318.230469	15112.19043
15112.19043	14758.320313
14758.320313	14799.400391
14799.400391	14659.55957
14659.55957	14760.30957
14760.30957	14910.139647999998
14910.139647999998	15024.490234
15024.490234	14909.599609
14909.599609	14974.959961000002
14974.959961000002	14932.410156
14932.410156	14988.370116999999
14988.370116999999	15135.839844
15135.839844	15224.69043
15224.69043	15300.339844
15300.339844	15291.660156
15291.660156	15460.919922
15460.919922	15464.299805
15464.299805	15484.259766
15484.259766	15451.849609
15451.849609	15470.519531
15470.519531	15548.540038999998
15548.540038999998	15543.740234
15543.740234	15545.549805
15545.549805	15567.740234
15567.740234	15542.240234
15542.240234	15555.610352000002
15555.610352000002	15558.830078
15558.830078	15521.969727000002
15521.969727000002	15520.589844
15520.589844	15499.540038999998
15499.540038999998	15628.019531
15628.019531	15658.360352000002
15658.360352000002	15612.129883000001
15612.129883000001	15518.740234
15518.740234	15470.669922
15470.669922	15498.320313
15498.320313	15425.509766
15425.509766	15419.679688
15419.679688	15451.009766
15451.009766	15337.660156
15337.660156	15112.19043
15112.19043	15081.469727000002
15081.469727000002	15010.740234
15010.740234	15002.990234
15002.990234	14897.549805
14897.549805	14963.740234
14963.740234	15010.509766
15010.509766	14946.459961000002
14946.459961000002	14776.129883000001
14776.129883000001	14824.509766
14824.509766	14840.950195
14840.950195	14810.30957
14810.30957	14833.959961000002
14833.959961000002	14930.870116999999
14930.870116999999	14937.480469
14937.480469	14922.5
14922.5	15063.120116999999
15063.120116999999	15191.05957
15191.05957	15326.599609
15326.599609	15300.639647999998
15300.639647999998	15376.05957
15376.05957	15494.780272999998
15494.780272999998	15529.730469
15529.730469	15676.94043
15676.94043	15636.549805
15636.549805	15451.089844
15451.089844	15401.379883000001
15401.379883000001	15334.589844
15334.589844	15273.259766
15273.259766	15328.299805
15328.299805	15258.240234
15258.240234	15129.669922
15129.669922	15191.700195
15191.700195	15133.139647999998
15133.139647999998	14996.480469
14996.480469	15072.580078
15072.580078	14936.240234
14936.240234	14776.530272999998
14776.530272999998	14802.980469
14802.980469	15126.070313
15126.070313	15237.110352000002
15237.110352000002	15301.259766
15301.259766	15168.009766
15168.009766	15373.830078
15373.830078	15371.650391
15371.650391	15399.650391
15399.650391	15392.200195
15392.200195	15467.660156
15467.660156	15413.330078
15413.330078	15509.209961000002
15509.209961000002	15570.280272999998
15570.280272999998	15568.929688
15568.929688	15680.349609
15680.349609	15618.759766
15618.759766	15545.75
15545.75	15615.549805
15615.549805	15639.120116999999
15639.120116999999	15618.219727000002
15618.219727000002	15746.879883000001
15746.879883000001	15593.980469
15593.980469	15761.780272999998
15761.780272999998	15783.099609
15783.099609	15750.669922
15750.669922	15821.629883000001
15821.629883000001	15876.219727000002
15876.219727000002	15961.700195
15961.700195	15976.019531
15976.019531	15967.030272999998
15967.030272999998	15900.820313
15900.820313	16009.990234
16009.990234	16064.769531
16064.769531	16072.540038999998
16072.540038999998	16072.799805
16072.799805	16097.330078
16097.330078	16086.410156
16086.410156	16008.769531
16008.769531	15914.620116999999
15914.620116999999	15889.769531
15889.769531	15821.509766
15821.509766	16020.200195
16020.200195	16025.530272999998
16025.530272999998	15973.129883000001
15973.129883000001	15843.530272999998
15843.530272999998	15739.429688
15739.429688	15755.360352000002
15755.360352000002	15884.570313
15884.570313	15875.259766
15875.259766	16167.969727000002
16167.969727000002	16179.080078
16179.080078	16221.139647999998
16221.139647999998	16294.610352000002
16294.610352000002	16357.549805
16357.549805	16479.880859
16479.880859	16478.410156
16478.410156	16504.289063
16504.289063	16576.660156
16576.660156	16441.349609
16441.349609	16469.990234
16469.990234	16425.099609
16425.099609	16530.939453
16530.939453	16462.740234
16462.740234	16444.759766
16444.759766	16437.050781
16437.050781	16257.94043
16257.94043	16373.860352000002
16373.860352000002	16481.939453
16481.939453	16417.009766
16417.009766	16458.560547
16458.560547	16414.439453
16414.439453	16373.339844
16373.339844	16197.349609
16197.349609	15879.110352000002
15879.110352000002	15837.879883000001
15837.879883000001	15928.55957
15928.55957	15738.790038999998
15738.790038999998	15848.610352000002
15848.610352000002	15698.849609
15698.849609	15372.799805
15372.799805	15445.240234
15445.240234	15440.230469
15440.230469	15628.530272999998
15628.530272999998	15794.080078
15794.080078	15801.790038999998
15801.790038999998	15994.769531
15994.769531	15963.94043
15963.94043	16027.589844
16027.589844	16154.389647999998
16154.389647999998	16130.400391
16130.400391	16040.55957
16040.55957	16133.230469
16133.230469	16103.299805
16103.299805	16207.139647999998
16207.139647999998	16179.660156
16179.660156	16198.410156
16198.410156	16272.650391
16272.650391	16321.709961000002
16321.709961000002	16168.030272999998
16168.030272999998	16395.880859
16395.880859	16360.179688
16360.179688	16421.890625
16421.890625	16452.720703
16452.720703	16418.679688
16418.679688	16351.25
16351.25	16340.080078
16340.080078	16108.889647999998
16108.889647999998	16065.669922
16065.669922	16247.219727000002
16247.219727000002	16336.19043
16336.19043	16222.169922
16222.169922	16331.049805
16331.049805	16302.769531
16302.769531	16276.69043
16276.69043	16367.879883000001
16367.879883000001	16268.990234
16268.990234	16264.230469
16264.230469	16323.05957
16323.05957	16457.660156
16457.660156	16532.609375
16532.609375	16573.0
16573.0	16572.550781
16572.550781	16412.710938
16412.710938	16245.870116999999
16245.870116999999	16256.139647999998
16256.139647999998	16437.179688
16437.179688	16170.219727000002
16170.219727000002	16026.75
16026.75	16173.240234
16173.240234	16262.55957
16262.55957	16424.849609
16424.849609	16408.539063
16408.539063	16449.25
16449.25	16514.369141
16514.369141	16501.650391
16501.650391	16501.650391
16501.650391	16361.459961000002
16361.459961000002	16448.740234
16448.740234	16535.369141
16535.369141	16580.839844
16580.839844	16558.869141
16558.869141	16512.890625
16512.890625	16530.550781
16530.550781	16401.019531
16401.019531	16518.539063
16518.539063	16550.970703
16550.970703	16583.339844
16583.339844	16695.470703
16695.470703	16715.439453
16715.439453	16613.970703
16613.970703	16446.810547
16446.810547	16491.310547
16491.310547	16511.859375
16511.859375	16374.30957
16374.30957	16533.060547
16533.060547	16543.080078
16543.080078	16606.269531
16606.269531	16675.5
16675.5	16633.179688
16633.179688	16698.740234
16698.740234	16717.169922
16717.169922	16743.630859
16743.630859	16722.339844
16722.339844	16737.529297
16737.529297	16836.109375
16836.109375	16924.279297
16924.279297	16943.099609
16943.099609	16945.919922
16945.919922	16843.880859
16843.880859	16734.189453
16734.189453	16775.740234
16775.740234	16781.009766
16781.009766	16808.490234
16808.490234	16906.619141
16906.619141	16921.460938
16921.460938	16947.080078
16947.080078	16937.259766
16937.259766	16818.130859
16818.130859	16867.509766
16867.509766	16846.130859
16846.130859	16851.839844
16851.839844	16826.599609
16826.599609	16956.070313
16956.070313	16976.240234
16976.240234	17068.259766
17068.259766	17024.210938
17024.210938	16906.619141
16906.619141	16985.609375
16985.609375	16915.070313
16915.070313	16943.810547
16943.810547	17055.419922
17055.419922	17060.679688
17060.679688	17138.199219
17138.199219	16976.810547
16976.810547	17100.179688
17100.179688	17051.730469
17051.730469	17113.539063
17113.539063	17086.630859
17086.630859	17083.800781
17083.800781	16960.570313
16960.570313	16982.589844
16982.589844	16912.109375
16912.109375	16880.359375
16880.359375	16563.300781
16563.300781	16493.369141
16493.369141	16569.279297
16569.279297	16429.470703
16429.470703	16443.339844
16443.339844	16368.269531
16368.269531	16553.929688
16553.929688	16569.980469
16569.980469	16560.539063
16560.539063	16651.800781
16651.800781	16713.580078
16713.580078	16662.910156
16662.910156	16838.740234
16838.740234	16919.589844
16919.589844	16979.130859
16979.130859	17039.490234
17039.490234	17001.220703
17001.220703	17076.869141
17076.869141	17106.699219
17106.699219	17122.009766
17122.009766	17079.570313
17079.570313	17098.449219
17098.449219	17067.560547
17067.560547	17078.279297
17078.279297	17069.580078
17069.580078	17137.359375
17137.359375	17111.419922
17111.419922	17013.869141
17013.869141	17068.710938
17068.710938	17049.0
17049.0	16987.509766
16987.509766	17031.140625
17031.140625	17131.970703
17131.970703	17156.849609
17156.849609	17265.990234
17265.990234	17279.740234
17279.740234	17172.679688
17172.679688	17055.869141
17055.869141	17210.060547
17210.060547	16945.800781
16945.800781	17113.150391
17113.150391	17071.220703
17071.220703	17042.900391
17042.900391	16804.710938
16804.710938	16801.050781
16801.050781	17009.689453
17009.689453	16991.910156
16991.910156	16719.390625
16719.390625	16994.220703
16994.220703	16659.25
16659.25	16544.099609
16544.099609	16321.070313
16321.070313	16315.19043
16315.19043	16141.740234
16141.740234	16117.240234
16117.240234	16380.410156
16380.410156	16399.669922
16399.669922	16614.810547
16614.810547	16461.320313
16461.320313	16677.900391
16677.900391	16805.410156
16805.410156	16817.939453
16817.939453	17005.75
17005.75	16974.310547
16974.310547	17195.419922
17195.419922	17390.519531
17390.519531	17366.240234
17366.240234	17383.839844
17383.839844	17484.529297
17484.529297	17554.470703
17554.470703	17573.929688
17573.929688	17613.740234
17613.740234	17614.900391
17614.900391	17612.199219
17612.199219	17652.789063
17652.789063	17634.740234
17634.740234	17647.75
17647.75	17687.820313
17687.820313	17685.730469
17685.730469	17719.0
17719.0	17810.060547
17810.060547	17817.900391
17817.900391	17814.939453
17814.939453	17827.75
17827.75	17828.240234
17828.240234	17776.800781
17776.800781	17879.550781
17879.550781	17912.619141
17912.619141	17900.099609
17900.099609	17958.789063
17958.789063	17852.480469
17852.480469	17801.199219
17801.199219	17533.150391
17533.150391	17596.339844
17596.339844	17280.830078
17280.830078	17180.839844
17180.839844	17068.869141
17068.869141	17356.869141
17356.869141	17778.150391
17778.150391	17804.800781
17804.800781	17959.439453
17959.439453	18024.169922
18024.169922	18030.210938
18030.210938	18053.710938
18053.710938	18038.230469
18038.230469	17983.070313
17983.070313	17823.070313
17823.070313	17832.990234
17832.990234	17501.650391
17501.650391	17371.640625
17371.640625	17584.519531
17584.519531	17907.869141
17907.869141	17737.369141
17737.369141	17640.839844
17640.839844	17613.679688
17613.679688	17427.089844
17427.089844	17320.710938
17320.710938	17511.570313
17511.570313	17515.230469
17515.230469	17554.279297
17554.279297	17813.980469
17813.980469	17672.599609
17672.599609	17678.699219
17678.699219	17387.210938
17387.210938	17191.369141
17191.369141	17416.849609
17416.849609	17164.949219
17164.949219	17361.039063
17361.039063	17666.400391
17666.400391	17673.019531
17673.019531	17884.880859
17884.880859	17824.289063
17824.289063	17729.210938
17729.210938	17868.759766
17868.759766	17862.140625
17862.140625	17972.380859
17972.380859	18019.349609
18019.349609	18047.580078
18047.580078	18029.849609
18029.849609	17985.769531
17985.769531	18140.439453
18140.439453	18116.839844
18116.839844	18209.189453
18209.189453	18224.570313
18224.570313	18214.419922
18214.419922	18132.699219
18132.699219	18288.630859
18288.630859	18203.369141
18203.369141	18096.900391
18096.900391	18135.720703
18135.720703	17856.779297
17856.779297	17995.720703
17995.720703	17662.939453
17662.939453	17635.390625
17635.390625	17895.220703
17895.220703	17749.310547
17749.310547	17977.419922
17977.419922	17849.080078
17849.080078	18076.189453
18076.189453	17959.029297
17959.029297	18127.650391
18127.650391	18116.039063
18116.039063	18011.140625
18011.140625	17718.539063
17718.539063	17678.230469
17678.230469	17712.660156
17712.660156	17976.310547
17976.310547	17776.119141
17776.119141	17698.179688
17698.179688	17763.240234
17763.240234	17880.849609
17880.849609	17875.419922
17875.419922	17902.509766
17902.509766	17958.730469
17958.730469	18057.650391
18057.650391	17977.039063
17977.039063	18036.699219
18036.699219	18112.609375
18112.609375	18105.769531
18105.769531	17826.300781
17826.300781	18034.929688
18034.929688	17949.589844
17949.589844	18038.269531
18038.269531	18058.689453
18058.689453	18080.140625
18080.140625	18037.970703
18037.970703	18110.140625
18110.140625	18035.529297
18035.529297	17840.519531
17840.519531	18024.060547
18024.060547	18070.400391
18070.400391	17928.199219
17928.199219	17841.980469
17841.980469	17924.060547
17924.060547	18191.109375
18191.109375	18105.169922
18105.169922	18068.230469
18068.230469	18060.490234
18060.490234	18252.240234
18252.240234	18272.560547
18272.560547	18298.880859
18298.880859	18312.390625
18312.390625	18285.400391
18285.400391	18285.740234
18285.740234	18232.019531
18232.019531	18041.539063
18041.539063	18162.990234
18162.990234	18126.119141
18126.119141	18010.679688
18010.679688	18040.369141
18040.369141	18011.939453
18011.939453	18076.269531
18076.269531	17905.580078
17905.580078	17849.460938
17849.460938	17766.550781
17766.550781	17764.039063
17764.039063	18000.400391
18000.400391	18039.369141
18039.369141	17898.839844
17898.839844	17791.169922
17791.169922	17904.480469
17904.480469	17935.740234
17935.740234	18115.839844
18115.839844	18015.949219
18015.949219	18119.779297
18119.779297	18144.070313
18144.070313	17966.070313
17966.070313	17890.359375
17890.359375	17946.679688
17946.679688	17596.349609
17596.349609	17619.509766
17619.509766	17757.910156
17757.910156	17730.109375
17730.109375	17683.580078
17683.580078	17776.910156
17776.910156	17515.419922
17515.419922	17548.619141
17548.619141	17760.410156
17760.410156	17977.679688
17977.679688	18053.580078
18053.580078	18050.169922
18050.169922	18120.25
18120.25	18086.449219
18086.449219	18100.410156
18100.410156	17919.289063
17919.289063	17851.039063
17851.039063	17731.919922
17731.919922	17568.529297
17568.529297	17440.589844
17440.589844	17630.269531
17630.269531	17751.390625
17751.390625	17745.980469
17745.980469	17689.859375
17689.859375	17598.199219
17598.199219	17550.689453
17550.689453	17540.470703
17540.470703	17419.75
17419.75	17373.380859
17373.380859	17615.169922
17615.169922	17402.839844
17402.839844	17402.509766
17402.509766	17408.25
17408.25	17477.400391
17477.400391	17545.179688
17545.179688	17511.339844
17511.339844	17348.730469
17348.730469	16990.689453
16990.689453	16459.75
16459.75	15871.349609
15871.349609	15666.44043
15666.44043	16285.509766
16285.509766	16654.769531
16654.769531	16643.009766
16643.009766	16528.029297
16528.029297	16058.349609
16058.349609	16351.379883000001
16351.379883000001	16374.759766
16374.759766	16102.379883000001
16102.379883000001	16492.679688
16492.679688	16253.570313
16253.570313	16330.400391
16330.400391	16433.089844
16433.089844	16370.959961000002
16370.959961000002	16599.849609
16599.849609	16739.949219
16739.949219	16674.740234
16674.740234	16384.580078
16384.580078	16510.189453
16510.189453	16330.469727000002
16330.469727000002	16279.889647999998
16279.889647999998	16201.320313
16201.320313	16314.669922
16314.669922	16001.889647999998
16001.889647999998	16049.129883000001
16049.129883000001	16284.700195
16284.700195	16272.009766
16272.009766	16472.369141
16472.369141	16776.429688
16776.429688	16790.189453
16790.189453	16912.289063
16912.289063	17050.75
17050.75	17084.490234
17084.490234	17131.859375
17131.859375	17081.890625
17081.890625	16924.75
16924.75	17141.75
17141.75	17215.970703
17215.970703	17230.539063
17230.539063	17217.109375
17217.109375	17168.609375
17168.609375	17489.160156
17489.160156	17646.699219
17646.699219	17623.050781
17623.050781	17581.429688
17581.429688	17779.519531
17779.519531	17755.800781
17755.800781	17663.539063
17663.539063	17828.759766
17828.759766	17918.150391
17918.150391	17867.580078
17867.580078	17863.429688
17863.429688	17910.330078
17910.330078	17730.480469
17730.480469	17758.210938
17758.210938	17702.220703
17702.220703	17448.070313
17448.070313	17245.240234
17245.240234	17483.009766
17483.009766	17489.5
17489.5	17737.160156
17737.160156	17732.75
17732.75	17823.810547
17823.810547	17792.679688
17792.679688	17812.189453
17812.189453	17813.390625
17813.390625	17813.390625
17813.390625	17719.919922
17719.919922	17888.349609
17888.349609	17729.679688
17729.679688	17477.669922
17477.669922	17847.630859
17847.630859	17730.509766
17730.509766	17568.0
17568.0	17492.300781
17492.300781	17574.75
17574.75	17265.210938
17265.210938	17368.5
17368.5	17524.910156
17524.910156	17749.089844
17749.089844	17495.839844
17495.839844	17128.550781
17128.550781	17251.619141
17251.619141	17417.269531
17417.269531	17602.609375
17602.609375	17552.169922
17552.169922	17528.269531
17528.269531	17720.980469
17720.980469	17603.869141
17603.869141	17425.029297
17425.029297	17148.939453
17148.939453	17158.660156
17158.660156	16906.509766
16906.509766	16514.099609
16514.099609	16346.450195
16346.450195	16398.570313
16398.570313	16516.220703
16516.220703	16151.410156
16151.410156	16379.049805
16379.049805	15988.080078
15988.080078	16016.019531
16016.019531	15766.740234
15766.740234	15882.679688
15882.679688	16093.509766
16093.509766	15885.219727000002
15885.219727000002	16167.230469
16167.230469	15944.459961000002
15944.459961000002	16069.639647999998
16069.639647999998	16466.300781
16466.300781	16449.179688
16449.179688	16153.540038999998
16153.540038999998	16336.660156
16336.660156	16416.580078
16416.580078	16204.969727000002
16204.969727000002	16027.049805
16027.049805	16014.379883000001
16014.379883000001	15914.740234
15914.740234	15660.179688
15660.179688	15973.839844
15973.839844	16196.410156
16196.410156	16453.830078
16453.830078	16413.429688
16413.429688	16391.990234
16391.990234	16620.660156
16620.660156	16431.779297
16431.779297	16484.990234
16484.990234	16697.289063
16697.289063	16639.970703
16639.970703	16516.5
16516.5	16865.080078
16865.080078	16899.320313
16899.320313	16943.900391
16943.900391	17006.769531
17006.769531	17073.949219
17073.949219	16964.099609
16964.099609	17000.359375
