3967.9648	2930.4912	2331.9996	543.7742	330.8725	213.0927	1767.0412	622.4353	593.4221	506.5577	86.3625	1032.2578	327.4277	705.4197	256.8269	18.0	141.4
3995.8178	2953.2884	2344.4699	543.0462	330.7972	212.4363	1781.9223	631.5571	602.2573	513.7284	88.116	1037.228	327.3673	710.4276	260.0138	17.0	142.1
3960.6682	2926.4277	2317.6765	537.7199	327.9956	209.9067	1760.4043	629.9512	600.1853	511.8518	87.9603	1029.012	327.006	702.5892	254.4715	16.0	143.1
3979.5073	2940.6639	2330.4889	537.8114	325.7197	212.2727	1774.3792	631.8369	602.0134	513.7652	87.8203	1033.5923	326.4518	707.7127	259.1609	16.0	144.8
3998.022	2950.6304	2335.3258	531.5857	319.253	212.509	1788.6151	636.3036	606.5317	517.8705	88.198	1042.1926	330.2703	712.4989	259.4099	14.0	146.8
3958.7714	2916.0982	2301.5918	516.5468	306.4603	210.2525	1773.2541	633.7446	603.9233	516.3401	87.0124	1037.6243	327.6926	710.5069	257.6256	14.0	147.2
3992.2542	2940.8039	2309.9111	519.3263	306.3097	213.1771	1778.3964	647.6884	617.345	528.3697	88.3089	1046.3711	332.1019	714.8374	257.9964	14.0	147.4
3998.5313	2949.0463	2321.0864	524.4515	312.3575	212.2621	1783.3397	645.8684	615.9271	526.149	89.283	1044.3696	331.5007	713.4324	256.2624	14.0	148.0
3995.8899	2948.9751	2316.4709	521.0393	309.2347	211.9622	1783.0115	649.3875	618.992	528.1173	90.4842	1041.7976	329.2514	713.1051	259.6514	13.0	147.7
4044.6609	2988.5676	2351.3986	533.1871	317.321	216.0292	1803.9568	655.1103	624.6596	533.2136	91.0129	1050.8994	334.4235	717.0432	259.7255	15.0	150.0
4037.0189	2976.9494	2340.905	523.2662	307.4292	215.9563	1806.0195	653.6203	622.9544	530.5176	92.1942	1054.9272	333.3125	722.1644	265.8474	16.0	151.4
4072.1812	3006.1113	2365.4989	529.4182	312.8197	216.7328	1824.0117	658.7022	627.9378	534.2997	93.4604	1060.8803	333.1526	728.2572	269.4846	17.0	150.2
4097.0435	3022.7316	2366.3004	523.6012	307.1763	216.5238	1832.4771	672.1067	640.1858	546.3432	93.4176	1069.0982	337.1292	732.5176	266.2238	16.0	150.9
4132.0433	3054.1459	2387.4206	539.2167	320.696	218.6814	1834.3351	681.8666	650.2558	552.8556	97.2663	1072.6461	339.9621	733.258	266.3199	17.0	151.6
4116.8733	3041.9208	2375.5541	525.8741	307.9331	218.0134	1839.0091	680.9932	649.6524	550.5081	99.2666	1069.7174	336.6957	733.5464	267.7854	16.0	153.7
4134.6443	3049.153	2371.8363	520.0586	302.737	217.3547	1842.4802	690.1948	658.7242	557.9561	100.9182	1080.2024	342.5788	738.2043	269.6018	15.0	155.0
4145.9835	3061.7424	2377.2002	520.333	302.308	218.0408	1847.7196	696.6508	665.6766	564.8752	100.8018	1078.9552	343.1057	736.4465	265.6086	14.0	154.3
4170.7653	3083.85	2399.9633	523.8123	304.9399	218.8975	1867.2567	697.089	665.5581	563.8559	101.8222	1081.6151	339.796	742.3001	274.6511	14.0	154.3
4144.8675	3061.4769	2382.0489	510.3815	292.2071	218.0794	1865.2499	692.4427	660.5336	559.5758	101.0737	1078.0723	342.8556	735.8099	265.9925	15.0	156.3
4169.8691	3083.6463	2394.5653	528.1921	308.0281	220.2066	1856.1245	701.3646	669.6234	567.3343	102.3938	1080.9001	344.7018	736.8127	266.8199	15.0	157.6
4149.4563	3060.2627	2394.5877	540.6572	316.6657	224.0728	1840.6366	680.9941	648.7216	549.9639	98.8132	1083.7249	350.4173	734.0466	261.8918	15.0	162.2
4197.7338	3100.1371	2391.5824	546.0473	319.2437	226.8707	1830.8351	718.2149	682.5325	582.7128	99.3865	1092.1278	358.5006	734.5033	258.0198	16.0	166.2
4216.532	3111.6325	2396.2455	535.8917	310.1681	225.6952	1848.3497	724.3636	687.8118	587.6586	99.6661	1099.316	359.407	740.7481	264.465	18.0	163.7
4223.7533	3112.8704	2406.8592	527.8435	302.709	225.0193	1869.4554	716.6069	681.6064	581.188	100.0646	1105.1408	360.9613	745.008	266.6256	17.0	163.0
4220.7778	3110.905	2387.1358	536.534	310.2305	226.2754	1838.2018	731.3195	696.6123	597.9427	97.8967	1104.1134	362.8663	742.118	259.9215	20.0	164.3
4208.2985	3101.5523	2374.7047	524.5038	298.3144	225.9943	1840.0153	733.4978	698.8032	599.1855	98.9105	1100.9726	359.8312	741.9624	261.6021	19.0	161.8
4227.8626	3117.0929	2384.7598	530.695	304.699	225.9057	1843.0186	738.7018	703.8116	606.486	96.331	1104.9906	359.7524	746.0292	266.5976	18.0	162.2
4239.7673	3131.5083	2385.6508	529.7513	303.8748	225.7812	1845.1551	750.6037	715.3554	617.4804	96.7754	1102.687	358.5562	744.9067	262.5137	17.0	164.3
4238.0754	3134.6113	2392.2896	525.4272	301.116	224.2116	1857.3714	747.7341	712.1028	615.0208	95.9663	1098.0801	355.0549	743.7574	264.8106	16.0	165.8
4264.1865	3161.012	2416.0559	530.0372	305.623	224.3907	1876.5902	750.9596	715.3606	617.6389	96.6293	1098.0994	353.7023	745.1023	266.7251	13.0	166.1
4242.648	3137.5851	2383.4453	504.3688	279.2462	224.6581	1873.5951	757.7924	722.5536	623.3603	98.1438	1099.6122	355.0166	745.3117	267.5746	13.0	166.8
4274.327	3172.648	2414.1595	523.0739	297.6815	225.2194	1883.0629	762.7757	726.9603	627.9428	97.9203	1096.787	352.2426	745.2283	269.6215	13.0	167.9
4264.8276	3162.9423	2403.9705	511.4365	287.5692	223.5799	1886.3848	762.7959	727.1967	627.3784	98.7932	1096.8696	351.2034	746.3334	270.4159	13.0	165.4
4256.1929	3156.0973	2394.2276	504.0137	283.0944	220.6311	1885.0913	764.9893	729.7336	628.3362	100.4683	1095.0706	346.8198	748.8661	273.9402	15.0	162.2
4258.2937	3165.8439	2400.172	508.6547	289.3239	219.1566	1885.6957	768.5641	733.761	630.7009	102.213	1087.8048	346.3511	742.0871	268.1015	15.0	164.6
4296.6446	3190.5092	2411.7467	523.3336	302.2735	221.0158	1880.2378	780.6467	745.407	640.3784	104.2109	1101.2846	354.5331	747.436	266.1256	15.0	165.6
4271.8564	3169.4083	2405.4186	506.9851	288.7466	218.0874	1892.9476	767.1674	731.4451	624.2287	106.6289	1097.5195	350.2527	747.9196	268.8745	16.0	164.0
4325.5522	3213.1645	2442.5651	516.0382	300.7963	215.2565	1920.6854	774.3561	738.2606	629.9882	107.7094	1107.5628	350.0537	758.1428	276.9743	17.0	166.8
4321.6545	3206.3887	2423.4956	518.0816	302.5144	215.5911	1898.5072	784.7087	748.3556	640.5746	107.1746	1110.307	353.936	757.0284	270.5206	16.0	169.3
4351.8312	3231.7469	2438.9724	529.2422	313.3569	215.9886	1901.39	794.1035	758.0123	646.9718	110.5014	1115.2099	353.1818	762.6775	272.7657	16.0	171.4
4348.1131	3231.595	2434.7773	525.2992	309.3938	215.9777	1901.6098	797.6137	761.526	647.5577	113.5005	1111.7489	352.7633	759.638	272.419	14.0	173.3
4354.889	3242.4182	2439.5576	532.4854	316.0408	216.5468	1898.1546	803.2395	766.6914	648.0563	118.2428	1107.8948	354.2751	754.2809	270.2245	14.0	173.8
4346.3253	3240.8126	2435.6436	527.0993	310.881	216.293	1900.3221	805.2355	768.9941	647.81	120.8338	1101.1106	353.1452	748.6283	267.4105	16.0	175.1
4349.0824	3242.5918	2436.1185	522.9008	306.393	216.5555	1905.6084	806.4766	770.7379	646.7175	123.7111	1102.0835	351.0202	751.7123	274.433	15.0	172.4
4360.2874	3250.5541	2429.7405	513.5119	296.1364	217.3621	1909.7108	819.483	784.1379	656.5044	127.3482	1105.3047	351.2732	754.6755	271.6253	14.0	173.5
4326.0117	3220.1211	2404.8372	511.613	295.3046	216.2936	1886.3871	813.8003	779.4338	651.1438	128.0329	1101.2851	348.8821	753.0287	273.3425	16.0	174.7
4340.8947	3231.0716	2404.4687	513.7528	297.4421	216.303	1883.6813	824.354	789.2916	657.9158	131.1404	1105.196	348.9527	756.8494	275.2387	17.0	179.0
4335.6862	3230.715	2395.1384	514.9625	300.2455	214.7333	1872.9262	832.5924	797.3947	665.0479	132.1073	1100.5318	349.2966	751.8894	269.5815	15.0	178.6
4337.0107	3232.6308	2396.9342	500.6371	287.0092	213.572	1890.4073	832.8268	797.8084	664.9367	132.6394	1099.9892	349.8207	750.8486	273.8013	19.0	181.0
4324.4623	3230.0324	2394.0903	497.4611	287.8749	209.5652	1891.063	833.096	798.0007	665.4724	132.2894	1090.4546	341.7752	749.1907	277.0977	16.0	182.7
4278.9412	3194.7646	2353.2285	481.9472	272.4407	209.3861	1866.4161	837.827	802.4607	669.3437	132.8722	1080.1604	337.519	743.1172	268.434	17.0	187.9
4237.6213	3164.0917	2341.4577	467.232	259.5113	207.5278	1870.2374	819.7037	783.9275	651.6184	132.1025	1069.5616	331.0721	738.8427	271.1878	16.0	190.9
4222.2442	3154.9595	2329.464	462.6401	255.9565	206.472	1863.1889	822.405	786.4567	655.1993	131.0217	1063.4935	329.1726	734.6831	271.7732	14.0	196.6
4206.2947	3148.4178	2325.3639	468.2122	262.4447	205.605	1853.6058	820.106	783.9001	651.9895	131.6898	1054.4908	325.629	729.1999	271.3894	14.0	200.5
4172.7506	3119.4614	2309.8236	459.564	256.6895	202.6992	1847.2433	807.0576	770.2712	641.3364	128.7028	1049.6429	325.4307	724.6282	270.9478	16.0	205.5
4100.1102	3057.0485	2264.9529	433.2387	233.5507	199.3908	1829.83	789.7318	752.4906	624.641	127.653	1038.8757	319.0028	720.1736	266.745	13.0	199.0
3963.3173	2949.5862	2210.9877	431.2506	237.5943	193.4382	1777.8719	737.9231	700.0523	575.8237	124.1365	1009.2875	309.8346	699.7651	257.1481	22.0	196.9
4012.3347	3000.1269	2282.8839	419.6929	230.3315	189.14	1863.6062	718.9942	681.4566	557.4006	124.0196	1008.7486	303.153	705.7529	268.6043	31.0	186.4
3965.1336	2981.6606	2257.6123	402.9227	221.1373	181.5775	1856.7316	724.9684	688.2144	564.5961	123.5536	981.288	288.1696	693.1682	268.8329	22.0	176.8
3887.8309	2947.3408	2221.6809	382.6881	207.8936	174.576	1843.0706	725.7327	690.743	567.5632	123.1006	940.0747	271.2752	668.8239	264.363	19.0	170.9
3758.9553	2833.9265	2159.1795	325.8202	153.7237	171.6448	1843.9086	677.2972	645.1879	522.219	123.0326	923.4644	258.7722	664.7336	267.9172	18.0	171.2
3762.6836	2848.2474	2174.1921	339.624	172.3509	166.9524	1843.9879	677.1656	648.4001	525.756	122.6947	913.7013	254.5299	659.2509	264.7695	19.0	169.3
3722.1226	2821.9462	2167.39	342.2748	179.438	162.5878	1834.3973	659.4169	634.281	513.8379	120.5036	899.7549	245.5813	654.3687	264.8534	23.0	168.1
3700.2776	2804.2257	2167.1546	343.8471	181.9484	161.6745	1832.8073	643.8552	620.4275	501.1252	119.3907	895.53	242.123	653.6922	266.2869	19.0	169.1
3646.6835	2754.694	2137.4112	327.6058	168.6863	158.6609	1822.168	625.3185	602.8499	483.6783	119.3194	890.8158	241.6931	649.3946	262.0323	17.0	170.8
3632.0442	2740.2059	2125.0301	324.1887	166.3002	157.6322	1813.9577	623.0298	601.2754	481.7823	119.6552	890.4122	241.8174	648.8736	260.8394	15.0	174.1
3683.9221	2791.2772	2161.8726	365.9416	208.2675	157.5894	1800.4503	636.9709	614.7566	493.7498	121.1527	892.0332	244.0733	648.1457	259.4466	15.0	172.5
3712.2992	2816.1633	2177.144	372.6604	215.8378	156.7702	1808.3729	646.0099	623.8854	501.5074	122.5193	895.7387	245.4452	650.4706	258.3916	15.0	175.0
3752.235	2855.7208	2208.9852	392.7955	235.5002	157.3041	1816.974	654.0719	631.5358	507.6613	124.018	896.7117	244.3689	652.6093	260.1204	15.0	174.1
3764.9924	2867.221	2214.5164	386.7608	230.0588	156.6951	1830.4073	659.5843	636.7697	512.9218	123.9723	898.0709	241.6465	656.8748	260.5673	15.0	175.2
3744.3917	2846.0786	2192.3056	392.5112	235.2473	157.2664	1800.6383	659.7666	636.4146	511.7441	124.8112	898.2683	245.3596	653.159	252.219	14.0	177.4
3765.2417	2857.8092	2189.0698	389.8024	233.4492	156.3518	1800.7442	673.0731	648.9984	523.8971	125.2048	907.1399	240.9658	666.7941	267.6682	14.0	178.1
3790.2753	2876.8038	2195.6127	394.0805	236.1446	157.9321	1802.6193	684.5268	659.3621	531.2643	128.2206	913.1721	245.989	667.6282	263.29	15.0	181.9
3783.961	2868.2146	2190.3601	386.6567	228.5768	158.057	1806.0512	681.3678	655.2401	526.1594	129.2358	915.238	246.5646	669.1162	265.9102	15.0	181.0
3812.2337	2894.0903	2199.3975	390.9699	230.7346	160.206	1810.4593	697.0104	669.9876	537.8886	132.258	917.8633	250.9046	667.2234	263.2147	15.0	183.3
3815.7745	2886.0997	2183.287	392.5374	229.6142	162.8791	1792.1967	704.0549	676.5007	543.0484	133.6124	928.8559	257.7914	671.1467	264.0405	16.0	184.4
3869.0802	2935.2409	2218.7193	407.7961	244.1323	163.6394	1811.2507	717.6318	690.2617	557.1003	133.266	933.4359	258.6775	674.8576	263.0951	15.0	184.8
3865.2999	2932.2	2214.1205	402.8821	240.655	162.1959	1812.1264	718.9961	692.6597	559.6513	133.1007	932.6911	258.5836	674.2009	264.2593	14.0	183.5
3898.6172	2967.298	2238.162	420.7017	258.2519	162.4511	1816.8725	729.8743	703.571	568.5708	135.0914	931.348	257.5187	673.9522	263.4559	12.0	184.1
3888.0253	2958.0	2229.6805	407.3831	246.3164	161.0453	1822.929	728.9596	702.336	566.9927	135.4443	930.0046	258.9169	671.1417	260.8267	12.0	184.9
3884.1361	2952.6388	2223.7573	407.6161	247.4144	160.1832	1816.6558	729.4029	702.7239	569.907	132.8783	931.3765	259.4194	672.0089	262.1476	12.0	184.9
3870.8624	2945.1479	2217.8959	410.5698	250.9278	159.6326	1807.5096	727.7718	701.2391	570.1656	131.1157	925.711	259.7328	665.9726	257.3889	13.0	186.6
3869.9271	2932.016	2207.2092	403.2321	241.8232	161.3674	1804.5149	725.2889	698.6056	567.9506	130.6994	937.3763	262.3664	675.0253	264.3426	14.0	187.7
3903.1838	2964.9334	2236.2666	401.0428	239.7617	161.2309	1836.1834	729.3817	702.4559	572.8605	129.6232	938.044	259.4972	678.6392	268.0668	13.0	189.7
3904.2445	2972.3099	2236.6197	406.2746	245.283	160.9547	1831.0085	736.1773	708.6063	579.6114	129.0096	932.0107	257.9583	674.1447	263.778	16.0	192.7
3902.9074	2973.446	2235.943	418.5891	255.5683	163.0023	1817.4808	737.9322	710.0883	582.2668	127.8279	929.6313	256.7419	672.9938	260.5444	17.0	195.8
3927.4911	2987.6911	2250.2214	427.6921	263.1534	164.5353	1822.4193	738.0119	709.5462	582.8949	126.6538	939.7856	258.8537	681.0497	269.2955	16.0	199.2
3891.805	2958.1011	2228.4524	406.7494	245.1206	161.5912	1821.9136	730.19	700.7158	574.4645	126.2615	933.5884	258.8575	674.8322	262.7699	15.0	203.1
3914.667	2975.4986	2238.2552	413.4603	250.7305	162.7031	1824.8982	737.7102	707.3729	581.0938	126.2878	939.052	261.4198	677.7281	267.9182	14.0	204.1
3920.9613	2980.3219	2243.3829	411.5328	250.496	161.0183	1831.9234	737.407	706.4344	580.9026	125.5415	940.5218	262.3511	678.2653	269.9061	13.0	203.9
3951.7602	3009.2515	2262.8072	421.8598	260.5244	161.339	1840.9995	746.8736	715.1706	588.3195	126.8625	942.6055	264.906	677.7899	267.2065	13.0	204.6
3978.2721	3032.6867	2276.0887	426.7404	264.8173	161.9351	1849.3795	756.9777	724.3102	596.4113	127.9116	945.7988	263.8504	682.0423	271.7689	19.0	203.2
3983.7194	3030.7291	2271.235	426.8862	263.7983	163.0972	1844.3581	759.8265	726.4171	598.5509	127.8799	952.9826	265.4079	687.6686	275.3523	14.0	203.7
3995.7171	3045.6179	2270.9177	438.556	276.4035	162.1806	1832.3962	774.9624	740.4383	611.1269	129.3255	950.2662	266.5614	683.7849	270.6675	15.0	201.1
3974.0423	3037.6763	2257.297	429.0849	268.244	160.8608	1828.2016	780.5895	745.728	614.5241	131.2198	936.7703	265.4184	671.4082	259.5271	14.0	201.4
3986.3715	3039.9957	2250.6125	433.5169	271.5501	161.9852	1817.0888	789.5487	754.81	624.5018	130.3215	946.5818	270.6855	675.9267	259.5293	14.0	199.8
4000.7073	3049.962	2247.5728	448.1114	284.8752	163.2491	1799.4812	802.5175	767.339	636.8225	130.5269	950.9154	271.8541	679.0874	258.8621	14.0	200.7
4012.0613	3054.5037	2247.3197	442.7501	278.6358	164.1195	1804.5672	807.2797	772.1517	640.6482	131.5148	957.6591	274.9761	682.7168	262.2893	17.0	201.6
3979.917	3026.7854	2213.3016	437.0336	273.7838	163.2515	1776.2569	813.5587	778.0274	646.5778	131.4571	953.1859	274.2913	678.9286	257.9066	15.0	204.2
4008.4359	3043.242	2224.9084	440.1521	275.6841	164.4649	1784.7387	818.3809	782.9525	652.8678	130.0835	965.2005	278.6177	686.6186	263.1666	15.0	203.7
4026.8134	3059.9625	2239.3474	435.2184	269.8534	165.3692	1804.1067	820.6292	785.0213	656.4161	128.5962	966.8533	275.2243	691.6387	269.3747	18.0	201.9
4034.6427	3066.2814	2238.0105	436.0461	271.8041	164.2349	1801.9432	828.2814	792.2157	664.6001	127.5965	968.3517	272.8847	695.4628	271.7677	14.0	199.8
4033.7718	3068.4738	2244.2466	436.6223	271.2792	165.3373	1807.6078	824.1975	788.3846	657.3522	131.0306	965.2689	271.8832	693.3784	270.4678	13.0	200.1
4023.9822	3062.1815	2236.2037	428.217	263.1802	165.042	1807.9824	825.9405	790.4524	659.2498	131.2002	961.758	273.3471	688.3977	266.6122	14.0	202.7
4015.42	3056.6649	2231.8948	424.1724	260.8143	163.3597	1807.73	824.7183	789.7865	659.6006	130.1834	958.7007	272.2481	686.4391	261.9984	14.0	204.4
4016.1367	3055.5149	2240.4003	430.0195	266.8031	163.2111	1810.3962	815.0463	780.3206	650.1515	130.1629	960.5777	270.9409	689.6368	268.6353	14.0	203.5
4038.6764	3076.6887	2250.0793	436.8594	272.104	164.7471	1813.2432	826.5268	791.8973	661.5843	130.3148	961.9055	275.8524	686.003	263.9539	15.0	201.8
4053.9009	3087.3456	2252.3069	447.6403	282.8284	164.8108	1804.6959	834.9376	800.2481	669.9619	130.2977	966.4827	277.2637	689.1679	262.8414	14.0	201.5
4054.324	3082.071	2265.3599	444.2705	277.1311	167.1195	1821.1309	816.6691	781.6209	652.1484	129.4629	972.2458	279.3894	692.7978	267.7868	17.0	202.5
4076.9322	3101.0048	2276.6416	454.0867	284.9071	169.168	1822.6029	824.3081	788.4407	659.1271	129.3184	975.9001	283.3185	692.4653	266.7913	17.0	204.3
4098.8236	3119.9072	2291.037	460.3127	291.8183	168.5082	1830.7784	828.8209	792.6497	663.7147	128.9542	978.8606	282.3352	696.4543	270.6527	17.0	204.0
4091.6455	3112.8926	2290.0451	457.8842	289.9057	167.9869	1832.2173	822.8356	786.4482	657.9828	128.4754	978.7233	280.2174	698.4931	271.597	17.0	203.5
4091.218	3112.0144	2294.2868	462.0627	294.5126	167.5841	1832.2803	817.768	781.1667	654.0046	127.1795	979.1856	279.3674	699.8376	269.9193	17.0	204.1
4108.4118	3123.9615	2304.7284	469.9669	302.0533	167.987	1834.8145	819.3015	782.1899	654.9985	127.2111	984.454	281.806	702.6391	269.3147	15.0	204.3
4060.7273	3079.6942	2279.3695	454.2426	286.4381	167.7819	1825.1579	800.4863	763.4683	638.3408	125.1241	981.1852	281.2372	699.9291	269.66	15.0	204.4
4094.1756	3107.2944	2293.316	471.7886	302.9615	168.8937	1821.5644	814.0875	777.0672	651.5454	125.5599	986.9925	282.7972	704.1832	271.3851	16.0	204.2
4121.1481	3128.4896	2307.7725	477.3437	309.3233	168.1308	1830.4498	820.8304	784.1772	658.8569	125.3894	992.7562	285.3849	707.3273	274.9084	17.0	203.9
4126.9238	3135.3771	2319.8511	476.6103	307.7093	168.9946	1843.2219	815.7095	779.8368	654.3648	125.52	991.5939	285.3099	706.2331	273.4534	19.0	202.5
4125.7893	3132.1143	2319.8758	483.7973	314.3616	169.5564	1836.0618	812.4491	777.047	653.2812	123.8426	993.7688	287.4435	706.2204	274.1582	19.0	201.2
4133.7961	3139.5968	2333.3153	484.6188	316.056	168.6966	1848.6345	806.5435	771.1285	648.0485	123.1494	994.2623	283.0877	711.2402	277.1154	18.0	202.0
4081.1193	3093.1844	2290.0019	463.5608	296.2203	167.4031	1826.2667	803.4042	768.0112	645.9162	122.1752	988.1292	282.2405	705.9215	276.7322	20.0	203.8
4132.1572	3138.5477	2320.8342	486.2153	318.7766	167.5776	1834.5291	817.925	782.3688	660.1118	122.3902	993.6605	284.7387	708.9206	273.9868	21.0	205.7
4153.2657	3159.6177	2332.0251	489.1079	319.6887	169.5498	1842.7966	827.7838	791.2948	667.8073	123.6259	993.5863	288.1283	705.3271	267.1274	20.0	207.0
4144.6229	3153.8847	2327.4969	483.6041	314.2129	169.5067	1843.6967	826.5555	789.292	666.489	122.9501	990.655	284.888	705.7265	269.3187	19.0	208.3
4148.133	3153.986	2321.6185	495.7768	325.2215	170.6882	1825.7455	832.5024	794.7141	671.8695	123.0128	994.1203	289.4007	704.5414	267.8682	18.0	208.0
4133.166	3138.5679	2306.7652	499.7691	328.2393	171.6637	1806.9461	831.8941	793.5743	670.6372	123.0984	994.6641	291.4499	702.9589	265.5109	18.0	208.3
4167.3466	3166.7094	2320.6588	520.2832	348.8503	171.5888	1800.4373	846.0787	807.1392	683.7387	123.6073	1000.6515	294.0737	706.2805	267.615	18.0	208.0
4126.4589	3126.289	2290.9302	499.6245	329.4631	170.3024	1791.3672	835.3065	795.4046	673.3356	122.261	1000.3908	294.4695	705.5956	268.328	16.0	207.0
4129.5731	3124.6221	2293.2344	497.7019	325.9407	171.9004	1795.6097	831.3018	790.3873	667.6825	122.8573	1005.2533	295.3789	709.5682	275.2593	18.0	206.4
4122.2078	3121.6804	2283.4881	493.7189	321.4724	172.3855	1789.8809	837.8112	796.2628	673.5679	122.8761	1000.7782	294.7442	705.6781	271.6186	20.0	203.4
4187.1772	3181.7996	2331.2024	514.1593	340.8247	173.4689	1816.6819	850.2235	808.3008	686.3691	122.1951	1005.4441	294.2488	710.9612	274.8675	18.0	200.9
4173.8816	3173.5213	2332.7555	510.9847	337.5411	173.5804	1821.5932	840.6052	798.1257	676.6219	121.7308	1000.3991	295.7634	704.1562	271.4694	19.0	197.0
4161.8927	3164.0037	2330.2165	510.271	338.0233	172.381	1819.7544	833.7397	793.6265	673.7492	120.1346	997.9345	292.8765	704.7592	272.8686	20.0	192.0
4140.309	3143.4402	2320.4462	492.4383	320.9024	171.6896	1829.2116	823.163	788.3902	666.3833	122.1671	996.9644	291.2217	705.5666	276.9314	20.0	191.1
4156.6502	3169.7501	2347.1874	508.6473	337.2877	171.486	1838.6176	823.1388	792.8615	671.0833	121.9721	986.8586	288.2971	698.3748	269.4916	19.0	191.5
4137.7269	3144.9519	2331.7924	513.5494	341.4678	172.2037	1817.2853	813.8563	786.5847	665.6975	121.0785	992.8201	289.8944	702.7447	272.6891	20.0	190.9
4143.1171	3150.28	2332.6645	528.149	355.1814	173.0634	1801.5222	817.9315	792.0164	671.5515	120.7044	992.8762	291.5852	700.8956	270.4808	18.0	193.4
4114.9605	3124.5982	2317.2719	510.3632	337.1502	173.3586	1806.1321	807.9009	782.3462	662.2777	120.2666	990.4221	292.3928	697.425	268.3351	19.0	194.8
4175.3186	3187.0537	2373.3617	548.709	374.7082	174.0409	1819.3783	815.2334	788.5483	668.9064	119.8953	988.2749	291.0653	696.695	270.0044	22.0	193.9
4159.566	3167.4137	2359.9215	526.4984	351.8362	174.781	1831.5615	809.082	781.872	662.3728	119.7181	992.1873	293.1369	698.3929	268.8715	26.0	191.9
4144.0673	3152.296	2356.8246	521.6755	346.6923	175.1224	1834.0116	797.916	771.4893	653.2021	118.4898	991.8189	290.7509	700.7414	273.1384	22.0	189.1
4138.71	3139.0082	2349.2442	523.2136	348.669	174.6732	1824.2527	792.4204	766.6726	648.9257	117.9413	999.7807	294.4387	704.8009	276.0726	22.0	187.5
4116.0949	3117.029	2341.0587	517.2872	343.31	174.1217	1822.7619	779.5394	754.4149	637.1177	117.4317	999.1633	293.7056	704.9969	275.1444	20.0	185.7
4091.5971	3092.5397	2326.9067	515.5109	339.7663	175.9188	1810.095	769.65	745.7061	628.2679	117.511	999.1781	294.5324	704.0485	275.1543	20.0	183.5
4141.2393	3137.6213	2368.0636	527.5724	352.2498	175.4399	1838.5436	774.4908	751.1793	635.0153	116.3262	1003.7152	296.5989	706.3927	276.2234	26.0	182.6
4124.8721	3125.883	2369.5401	524.764	350.2696	174.6129	1843.4655	762.5231	741.6183	627.0747	114.7101	999.0866	294.5753	703.8965	276.1311	26.0	181.3
